1 6 16 37 39 46
2 30
3 5
4 30
5 2 9
6 3 22 25
7 42
8 3
9 28 49
10 27
11 10
12 46
13 27 34
14 27 34
15 28
16 6 34
17 21
18 32 40
19 24 26 27 30
20 27
21 8
22 49
23 26 34 44
24 10
25 40 49
26 28 40
27 36 39
28 10
29 6
30 3 24
31 3 46
32 5 13 17 39
33 3 5
34 23
35 3 20 31
36 38
37 23
38 7 14 23 29
39 13 32
40 24 26
41 48
42 22
43 20 34
44 20
45 42
46 13 24
47 13
48 6 13 30 34 42 44
49 45
50 6 23 32
51 4 6 8
52 35
53 6 38
54 36
55 9
56 42
57 31
58 31
59 12
60 17 24 31
61 13 23 46
62 41
63 11
64 48
65 37
66 28
67 37
68 6 35
69 6
70 3 13 46
71 39
72 26
73 11
74 48
75 7 16 23
76 7 19 45
77 19 30
78 19
79 34
80 23
81 37
82 8 46 49
83 25
84 8 48
85 49
86 34
87 34
88 24
89 4 8
90 36
91 17 36
92 8
93 44
94 13
95 36
96 19 37
97 30
98 13
99 30
100 36 45
101 14 18
102 10 27
103 32
104 3
105 48
106 5
107 3 10
108 19
109 5
110 19
111 35
112 6
113 11
114 5 13 22
115 34
116 7 14 16 18 29
117 31
118 7 41 45
119 7
120 3 4 8 10
121 49
122 26 44
123 34
124 7 29
125 44
126 38
127 27 48
128 6
129 23
130 21 36
131 16
132 1 37 41
133 20
134 10
135 14 18
136 49
137 16
138 11
139 8 42
140 20
141 28 47
142 3 8 24
143 14
144 26
145 10
146 19
147 23
148 21
149 42
150 4 16 39 41 42 45
151 23
152 27
153 6
154 19
155 23 29
156 48
157 4 10
158 10
159 6 36
160 36
161 7 10 29
162 2
163 7 23 37
164 29
165 23
166 39
167 13 43
168 13 43
169 4
170 43
171 4 42
172 8
173 3
174 5
175 4 8 28
176 22
177 9
178 16 38
179 24
180 30
181 11 13
182 13 21
183 7
184 9
185 37
186 22
187 16
188 24
189 30 48
190 9 13 28 42
191 40
192 21
193 32 38 49
194 31
195 22 35 38 40 49
196 9
197 7 23 25 32 38 40 49
198 38 40
199 23 32 41 45 50
200 28
201 48
202 13 15 17
203 35 44
204 48
205 35
206 26 36
207 30
208 36 43
209 45
210 37 38
211 15
212 32
213 10 27
214 40
215 48
216 41
217 24
218 24 36 38
219 31
220 34
221 32 35 40
222 25 32 35 37
223 24 48
224 24
225 3 32
226 35
227 9 28 42
228 28 32 42
229 11
230 31
231 7 14 16 18 23
232 26
233 35
234 19
235 7 14 18
236 16
237 32
238 33
239 9 16 19 41
240 23 43
241 11 24
242 7
243 7 16
244 22
245 42
246 4
247 34
248 41
249 16
250 9
251 41
252 10
253 20 22
254 36
255 30
256 1 48
257 31
258 23 40
259 3 28
260 13 14 18 23
261 41 49
262 44 50
263 46 49
264 48
265 49
266 9 15 35
267 10 34
268 3
269 4 8
270 20 31
271 3 20
272 9
273 40
274 41
275 24
276 12
277 19
278 6 34 44
279 26 44
280 6
281 6 44
282 10 16
283 26 34 44
284 10 31 49
285 1 13 21
286 31
287 10
288 7
289 32 40 49
290 4
291 32 37
292 24
293 10 16
294 40 42
295 1
296 5
297 11
298 39
299 5
300 30 35 48
301 14
302 6
303 43
304 36 43
305 4 8 16 32
306 24
307 43
308 27
309 10
310 44
311 41
312 48
313 30
314 6
315 7 40
316 37
317 6 43
318 6
319 9
320 48
321 1 48
322 10 11 28
323 26
324 36
325 24
326 31
327 31
328 27
329 31
330 32
331 31
332 15 31
333 31
334 3 31
335 19
336 36 39
337 42
338 36
339 32
340 28
341 11
342 35
343 21
344 35
345 35 48
346 35
347 6 28 35 41 50
348 6 41
349 35
350 19
351 19 43
352 4 37
353 41
354 18
355 35
356 6
357 12
358 32
359 31 36
360 4
361 13 17 20
362 42
363 2
364 4 8 46
365 36
366 16
367 34
368 32
369 21
370 14 18 20
371 13 19 28 42 43
372 30
373 21 33
374 19
375 9
376 11
377 6 44
378 23 37
379 45
380 3 5 17
381 10 20 24 46
382 17
383 11
384 17 26 34
385 7 29 32 37 49
386 13 26
387 39
388 32 35
389 14
390 16 40 46
391 1
392 10 14 18 38
393 29 49
394 9 23
395 26
396 23
397 42
398 5
399 37
400 7 23
401 39
402 3 46
403 37
404 12
405 6 44
406 27
407 26
408 32
409 11
410 7
411 32 41
412 14 43
413 4 37
414 9
415 9
416 32 41
417 10 26
418 4 50
419 48
420 11 40 49
421 41
422 10 40
423 17 20 41
424 9 10 28 39
425 34
426 41
427 27 34
428 21 26 43
429 11 27
430 4 32 37
431 38
432 41
433 44
434 22
435 40 41
436 1
437 3 24
438 19 49
439 26
440 26
441 26
442 28 42
443 26
444 16
445 24
446 23
447 2 13 43
448 3 17 37
449 21 26 34
450 23
451 5
452 5 17
453 5
454 19
455 10 16 39
456 10
457 34
458 34
459 10 43
460 10
461 38
462 40
463 3 9 15 27 31 38
464 17 23 38
465 35
466 14
467 3
468 48
469 20 31
470 48
471 10 40 50
472 6
473 32
474 48
475 30
476 27
477 3 31 46
478 10 24
479 5 17
480 27
481 21
482 35
483 30
484 35 48
485 3
486 10 41
487 6 44
488 34 44
489 10
490 3 19 20
491 37
492 21
493 9
494 28 35
495 24
496 27 40 46
497 46
498 20 24 46
499 10 14 16 24 28
500 34
501 6 13 30 44
502 9
503 19
504 19
505 41
506 37 44
507 32
508 13 43
509 20
510 4
511 3
512 35
513 6
514 5 9
515 7
516 11
517 30
518 8 19
519 25 49
520 10
521 20
522 42
523 36
524 40
525 8
526 25 46
527 7 14 18
528 4 8
529 46
530 34
531 4 10
532 3 17 20 35 41
533 38
534 40
535 17
536 17
537 23
538 5
539 5
540 47 50
541 23
542 26
543 34
544 31
545 7 38
546 37
547 40
548 42
549 6
550 5 17
551 48
552 41
553 19
554 20 28 42
555 7 14 23 29
556 6
557 11
558 34 44
559 3
560 8
561 8 16 28
562 3
563 23
564 3
565 41
566 10
567 6 26
568 21
569 4 11 24
570 3
571 10
572 11
573 48
574 6
575 19 46
576 46
577 21
578 9 16 24 32 38
579 4 5
580 26
581 23
582 10
583 6
584 3 13 31
585 49
586 14 29
587 6 30 44
588 3 16
589 34
590 3 21
591 14 23 29
592 14 18 29 43
593 24
594 41
595 40 49
596 14 18
597 5
598 6
599 43 49
600 34
601 7
602 32 37
603 40
604 43
605 24 35 41
606 2 32 49
607 35
608 32
609 32 46
610 33
611 4 20 22
612 11 35
613 35
614 32
615 3 32 35
616 11
617 32 41 49
618 32
619 37
620 28 46
621 14
622 19 40
623 3
624 6
625 13 24
626 23
627 43
628 18
629 13
630 19 40 49
631 36
632 35
633 6
634 36
635 9 33
636 13 21
637 13 19 23
638 32 35 41
639 7 14 16 23 40
640 16 23
641 23
642 23 26 27 34
643 27
644 27
645 31
646 46
647 9 25 32 39
648 40
649 26
650 43
651 4 8
652 36 39 43
653 21
654 26
655 21
656 23
657 10 19 32
658 15
659 36
660 49
661 2 4 8 47
662 22
663 3
664 40
665 9 14 28 29 40
666 37
667 40
668 41
669 14 18
670 26 44
671 38
672 34 36
673 7 29
674 6
675 2 7 16 28 32 37 40 46 49
676 16 40 48 49
677 24 26
678 35 48
679 44
680 26
681 42
682 14
683 6
684 8
685 23
686 44
687 9
688 4 8 9
689 10 16
690 9
691 39
692 3
693 42
694 50
695 49
696 2
697 9 20 26 44
698 44
699 7 16 32
700 7
701 20
702 40
703 23 43
704 24 31
705 26
706 21
707 32 37
708 30
709 27
710 21 35
711 21 26
712 7 40
713 10
714 40
715 30
716 40
717 11
718 32
719 19
720 6 31 38
721 9
722 14
723 20
724 11
725 8
726 19
727 13 26
728 13 34 44
729 13 26 33
730 32 35
731 13 26 42
732 32
733 5 17
734 6
735 32
736 41
737 32
738 16
739 4
740 4 9 28 32
741 9
742 2 16
743 48
744 27
745 6
746 8
747 48
748 3 5 10 17 20 31 38 46
749 9
750 10
751 42
752 3 39
753 20
754 14 41
755 4 8 13 21 44
756 14 18
757 4
758 9
759 8 35
760 43
761 34
762 28
763 40 42
764 6 34 44
765 3
766 40
767 10
768 32
769 35 41
770 22 42
771 11
772 28
773 32
774 11
775 3 20 31 46
776 20 31
777 26 46
778 31 35
779 11
780 48
781 30 41
782 31
783 34
784 3 31
785 28 36
786 36
787 7 37
788 11 39
789 3
790 31
791 20
792 32 35
793 13 42
794 43
795 37
796 11 13 16 43
797 43
798 41
799 8 41
800 43
801 28 42
802 46 49
803 43
804 28 30
805 6 27
806 37
807 19
808 3 9 13 46
809 19 46
810 4 11 13 28 43
811 1
812 11
813 45
814 8
815 3 13 20 45
816 3
817 9 30
818 8
819 39
820 37
821 40 49
822 47 50
823 37
824 12 26 44 47
825 44
826 44
827 4
828 17 32
829 23
830 9 16
831 48
832 28
833 32
834 26 34 44
835 26 34 44
836 4 8
837 44
838 32
839 6
840 26
841 34
842 32
843 14 18
844 47
845 4
846 42
847 6
848 4
849 4 8
850 10
851 31
852 26
853 3 46
854 5
855 8 10
856 28
857 35
858 44
859 37
860 36
861 5 19
862 34
863 39
864 13
865 3 13
866 11 31
867 12 27
868 10
869 34
870 42
871 14 16 18
872 17 20
873 13 39
874 5 17 20 35
875 3 9
876 48
877 39
878 4 7 9 16 26 33 34 37 44 47
879 3 13 20 24 28 42
880 5 17 46
881 34 44
882 4 8
883 4
884 14
885 11 28 42
886 23
887 40
888 35
889 10 13 14 18
890 6
891 46
892 3 19 28 42
893 23
894 24
895 9 19 25 32
896 4 27
897 40
898 43
899 20
900 31
901 11 37
902 7 10 11 13 16 24 38 48
903 3 9 28
904 3 5 17
905 7 14 16 21 23
906 44
907 26
908 13 24
909 31
910 7
911 3
912 14
913 43
914 23
915 26
916 32 41
917 19
918 24
919 11 33
920 46
921 35 41
922 19
923 11 13 15 42 46
924 18
925 6 44
926 2 9 24 49
927 8 10 30
928 44
929 9 16
930 28 37 42
931 19
932 1 40 49
933 28 42
934 48
935 24
936 33
937 11 28
938 42
939 37
940 19
941 41
942 44
943 42
944 16
945 42 46
946 39
947 21
948 41
949 10 24
950 11
951 26 34
952 48
953 7
954 6
955 21
956 39
957 22
958 32 37
959 4 33
960 19
961 11
962 24
963 50
964 26
965 50
966 16 28
967 8 13 26 27 46
968 31 40
969 44 45
970 28 42
971 40 45
972 39
973 6 41
974 13 21 43
975 32
976 30 43
977 35
978 9
979 8
980 28 32
981 13 38 42
982 2
983 20
984 2 10 23 29 32 35 44
985 12 46 47
986 23 38 46 48
987 10 17
988 3 22 37
989 32 37 38
990 37
991 16
992 33
993 13
994 8 40 49
995 3 5 31
996 30
997 4
998 49
999 9
1000 10
1001 20
1002 3 13 28
1003 7 16 19
1004 35 42
1005 21
1006 9
1007 31
1008 26
1009 6
1010 6
1011 27
1012 29
1013 6
1014 27
1015 11
1016 20 31
1017 9
1018 19 39
1019 27
1020 36 48
1021 46
1022 31
1023 26 33 34 43 44
1024 31
1025 3
1026 48
1027 14 43
1028 24 26 38 43
1029 24 31
1030 31
1031 10 35 40
1032 27
1033 23
1034 41
1035 7
1036 41
1037 23 29
1038 9
1039 35
1040 10
1041 11
1042 8 41
1043 10
1044 10
1045 3 20 31 42
1046 48
1047 11
1048 46
1049 27
1050 42
1051 15
1052 35
1053 4 8 13 21
1054 31
1055 6 30 34 44
1056 13 43
1057 47
1058 12
1059 1
1060 6
1061 4
1062 7
1063 3
1064 13
1065 46
1066 19
1067 35
1068 19
1069 4 35
1070 33
1071 35
1072 6 48
1073 34
1074 11
1075 9 20 46
1076 14
1077 26 34 44
1078 26
1079 27
1080 30 38
1081 13 26 42
1082 13 26
1083 26
1084 13
1085 24
1086 30
1087 40
1088 17 26
1089 3 17 20 46
1090 6
1091 28 42
1092 10
1093 14 18 40
1094 21
1095 30
1096 42
1097 30 41
1098 35
1099 36
1100 43
1101 11
1102 11
1103 26 33 34 44
1104 26 34 44
1105 26 32 34
1106 16 38
1107 13 26 34 44
1108 34 44
1109 13 26 33 34
1110 40
1111 41
1112 41
1113 21 26
1114 3 19
1115 16 19
1116 34
1117 32
1118 49
1119 44
1120 22 29 32 38
1121 4 8
1122 35
1123 48
1124 3
1125 44
1126 2
1127 27 34
1128 30
1129 30
1130 2 38
1131 6
1132 35
1133 35
1134 5
1135 19
1136 44
1137 19
1138 11
1139 14 29 43
1140 9 16 32 35 38
1141 11 26
1142 13 34 44
1143 17 22 35
1144 4 8 22
1145 10 35
1146 44
1147 6 41 50
1148 6 37
1149 14
1150 34 44
1151 33
1152 48
1153 41
1154 28
1155 20
1156 27
1157 44
1158 21
1159 5 17
1160 26 34
1161 40
1162 26 31
1163 48
1164 14 28 44 46
1165 17 20
1166 5 46
1167 41
1168 21
1169 4 6 8 9 43
1170 46
1171 7
1172 19
1173 11
1174 23 41
1175 42
1176 10 16
1177 11
1178 37 40 49
1179 37
1180 40
1181 4 8 13 36
1182 4 8 13
1183 36
1184 7 28 42
1185 2 4 16
1186 32
1187 28
1188 21
1189 30
1190 48
1191 48
1192 4
1193 11
1194 3
1195 6 21 44
1196 28 35
1197 48
1198 48
1199 7 10 16 19 35
1200 31
1201 11
1202 6 30 34 44
1203 40
1204 6 50
1205 40 49
1206 6 46
1207 7 16 28 37 40 49
1208 7
1209 26
1210 13 34
1211 49
1212 40 46 49
1213 34
1214 21
1215 6
1216 22 28
1217 31
1218 21 26 33 34
1219 21
1220 23 28 36 41 42 43
1221 44 48
1222 4 8 48
1223 6 34 44
1224 6
1225 16
1226 16
1227 37
1228 10 16 28 38 42
1229 20 39
1230 6
1231 7 10 16 35
1232 48
1233 13 16 24 38 43
1234 3
1235 45
1236 21
1237 30
1238 9
1239 49
1240 13 26
1241 9 23 32
1242 3 11 31
1243 9
1244 3
1245 24 36
1246 4 8
1247 4 8 42
1248 17
1249 2 43
1250 13
1251 13 21 28 40 42
1252 2
1253 3
1254 26
1255 30
1256 40
1257 4 8
1258 24 38
1259 8 13 22 29 49
1260 26 31
1261 10
1262 3 4 8 13 22
1263 26
1264 7 29 38
1265 13
1266 5 13 17 20 39
1267 46
1268 4 8
1269 21 36
1270 3
1271 29 48 50
1272 28
1273 22
1274 19 29
1275 24
1276 13 21 26 33
1277 5
1278 30
1279 11 31
1280 14 42
1281 2 4 8
1282 35
1283 4 11
1284 31
1285 41 48
1286 19
1287 19
1288 4
1289 3
1290 11
1291 10 46
1292 6
1293 35
1294 30
1295 21 24 34 44
1296 20 26 34 44
1297 36
1298 9
1299 32
1300 14
1301 10 23 38
1302 32 41
1303 27
1304 42
1305 42
1306 32 41
1307 31
1308 41
1309 41
1310 34
1311 3 21 39
1312 13 37 41 43
1313 31
1314 32 37
1315 35
1316 28
1317 23
1318 14 19 40 46 49
1319 10 35
1320 8
1321 7 38 40
1322 11 24 32 35
1323 12 35 38 47
1324 48
1325 18
1326 24 46
1327 4 8
1328 46
1329 41
1330 29 40 43
1331 21 28 42
1332 24 30
1333 4 8 9 13 21
1334 13 36
1335 4 21 28 35 42
1336 6
1337 9 39
1338 16 37
1339 26
1340 34
1341 10
1342 21
1343 4 36 38
1344 26 31
1345 13 24
1346 31
1347 26 33
1348 14
1349 34
1350 6 37
1351 48
1352 6
1353 43
1354 7 9 18
1355 9 14
1356 7
1357 41
1358 13
1359 13
1360 3 5 7 16 36
1361 31
1362 11
1363 26
1364 26
1365 11
1366 36
1367 20 31
1368 28
1369 25 32
1370 6
1371 32 41
1372 31
1373 37
1374 1
1375 6 41 50
1376 26
1377 19 41
1378 26
1379 27 34
1380 40
1381 3 13 20 40 42
1382 35
1383 11
1384 13
1385 6
1386 11 40
1387 3
1388 11
1389 19
1390 27
1391 26 33
1392 20 46
1393 10 27 35
1394 45
1395 13 28 42
1396 3 34
1397 23 39 43
1398 19 35 41
1399 4
1400 11
1401 48
1402 6
1403 28 42
1404 4 8
1405 13 21 43
1406 5 10 13 38
1407 11
1408 24 27
1409 19
1410 41
1411 44
1412 4 8
1413 34
1414 39
1415 19 30 40
1416 26
1417 5
1418 28 42
1419 13
1420 3 9 46
1421 35
1422 16 28 32 37
1423 13 22 38
1424 26
1425 7 14 16 18 24 29 38 40
1426 35
1427 10
1428 9
1429 7
1430 4 8 16 24 29
1431 46
1432 1
1433 11
1434 16
1435 16
1436 21
1437 35
1438 5 17 20 42 46
1439 6
1440 34
1441 27
1442 3 20
1443 19
1444 4 8
1445 22
1446 6 44
1447 11
1448 41
1449 30
1450 28 36 42
1451 1
1452 6
1453 3
1454 27
1455 6
1456 4 8
1457 35
1458 26 33
1459 13 22 38
1460 9
1461 35
1462 8
1463 27 34
1464 9
1465 41
1466 42
1467 16
1468 41
1469 11
1470 23 38 40 49
1471 30 34 44
1472 11
1473 5 17
1474 9
1475 27
1476 23
1477 50
1478 41
1479 48
1480 24
1481 5 10 37
1482 23
1483 7 16 25 40 49
1484 21
1485 8 34
1486 34
1487 21
1488 8 9
1489 25 38 41
1490 5
1491 10
1492 46 49
1493 30
1494 48
1495 19
1496 6
1497 13 26 35
1498 6
1499 9 14 24 38 40
1500 14 38 40
1501 10 14 18 38 40
1502 38
1503 28 42
1504 16
1505 26 33
1506 28 38 42 46
1507 35 46
1508 36
1509 46
1510 48
1511 19
1512 13 21
1513 27
1514 20 32
1515 5 46
1516 4 8
1517 48
1518 26 44
1519 12
1520 5 22
1521 13 21 31
1522 44
1523 38 45
1524 16 19
1525 35
1526 35 48
1527 41
1528 31
1529 15 35 46
1530 19 38 40 49
1531 26 33
1532 31
1533 41
1534 46
1535 4 8
1536 9 17 19 24
1537 23
1538 31
1539 34
1540 31
1541 3
1542 8 32 40 49
1543 38
1544 14 40
1545 27
1546 23
1547 41
1548 10
1549 14 23 40
1550 10 13
1551 40
1552 23 40
1553 41
1554 11
1555 11 20
1556 39
1557 10 27 34 47
1558 40
1559 17
1560 27
1561 6 8 17 34 38 44
1562 11 44
1563 11
1564 3
1565 24
1566 31
1567 15
1568 30 34 44
1569 10 24
1570 3 34 44
1571 24 46
1572 49
1573 13 26 33
1574 42
1575 24
1576 36 43
1577 28 32 38
1578 11
1579 44
1580 24 38
1581 38 42
1582 19
1583 19
1584 21
1585 2 10 13 16 19 28
1586 32
1587 6
1588 11
1589 10
1590 44
1591 35
1592 48
1593 32 49
1594 4 8
1595 48
1596 24
1597 46
1598 44
1599 6
1600 49
1601 16 28 42
1602 23
1603 26
1604 23 26
1605 4
1606 37
1607 23 26
1608 26
1609 30
1610 6 16 44
1611 7 9 10
1612 26 34 44
1613 2
1614 43
1615 2 16 37 44
1616 31
1617 4 8 48
1618 4 48
1619 4 8 39
1620 6
1621 37
1622 11
1623 31
1624 31
1625 4 33 39
1626 31
1627 3 19
1628 37
1629 28 45
1630 14 18
1631 37 41 43
1632 24
1633 26
1634 24
1635 13
1636 14 18 20
1637 14 18
1638 10
1639 7
1640 3 17 20 22 31 46
1641 14 18 48
1642 42
1643 11
1644 14 18
1645 41
1646 23 40 48
1647 32 37
1648 16 41
1649 7 14 23
1650 8 32 41
1651 26
1652 44
1653 46
1654 27
1655 47
1656 14 18
1657 16
1658 31
1659 7 14 16 37
1660 16
1661 7 14 16 24
1662 13 43
1663 42
1664 28 35
1665 42
1666 35
1667 21
1668 22
1669 17
1670 15
1671 30
1672 31
1673 42
1674 31
1675 4 5 8
1676 5
1677 30
1678 34
1679 28
1680 31
1681 5 17 20
1682 12
1683 10
1684 5 17
1685 46
1686 17
1687 11 20
1688 10
1689 20 46
1690 9
1691 32
1692 4
1693 38 47
1694 6
1695 14 15 16 17 24 38
1696 39
1697 5 17 20
1698 3 5 15 17 36 38 42
1699 32
1700 17 20
1701 36
1702 26 34
1703 10
1704 41 44
1705 6
1706 11 46
1707 8
1708 38
1709 13 37
1710 10
1711 19
1712 41 48
1713 19
1714 4 9 37
1715 9 36 38
1716 24 32 48
1717 21 28 46
1718 4 8 32 46
1719 19 28 32 35 42
1720 1
1721 7
1722 37
1723 14
1724 31
1725 21
1726 19
1727 3 31
1728 3 20 31 42
1729 11
1730 13 22
1731 31
1732 14 19 40 49
1733 37
1734 8 44
1735 36
1736 19
1737 9
1738 30
1739 22 41 47
1740 40 41
1741 7 11
1742 7 39 40
1743 35
1744 48
1745 36
1746 9
1747 41
1748 6 44
1749 9 35
1750 4
1751 37
1752 48
1753 35 48
1754 10 24 28 29 38 46
1755 26 27 34
1756 47
1757 35
1758 8 22
1759 23
1760 47
1761 1
1762 31
1763 23 38
1764 23
1765 23
1766 11
1767 7 23
1768 15
1769 13 42
1770 13 31
1771 27
1772 11
1773 4
1774 26
1775 34
1776 8
1777 10 17 41 43
1778 24 30
1779 30
1780 44
1781 1
1782 3 5 11 15 17 46
1783 35
1784 36
1785 40
1786 38 40 49
1787 14 18 38
1788 14 31 38 40
1789 9 27
1790 9 44
1791 13 26
1792 14 18
1793 13 33 34
1794 20
1795 34
1796 7
1797 3
1798 46
1799 14 18 29
1800 14
1801 7 23
1802 49
1803 19
1804 48
1805 29 30
1806 39
1807 6 37 41
1808 3 20 31 42
1809 13 26 28 42
1810 30
1811 5
1812 3 31
1813 21 44
1814 49
1815 35
1816 36 42
1817 34
1818 27 34 44
1819 4
1820 48
1821 50
1822 11
1823 31
1824 27
1825 2 23 43
1826 27
1827 27
1828 27
1829 27
1830 20
1831 3 30 42
1832 2
1833 41
1834 28 34 37 38 43 44
1835 6 13 33 34 44
1836 39 50
1837 49
1838 17
1839 4 7 8 28 42
1840 23 28 36 39
1841 10 23 34
1842 2 9 24 28
1843 4 8 10 35
1844 28
1845 42
1846 26
1847 8 20
1848 3 16
1849 30 48
1850 34
1851 15 37
1852 16 23 44
1853 26
1854 36
1855 19
1856 36
1857 40
1858 40
1859 13 22 40 49
1860 38
1861 11
1862 40
1863 36
1864 14 23
1865 23
1866 7 32
1867 49
1868 30
1869 14
1870 18
1871 10 14
1872 23
1873 23
1874 44
1875 11
1876 36
1877 22 24
1878 3
1879 33
1880 48
1881 4
1882 2 37 38
1883 2
1884 27
1885 1
1886 4
1887 12
1888 14 16
1889 37 48
1890 46
1891 42
1892 7 13 46
1893 35
1894 2 5
1895 11
1896 16
1897 3
1898 4 8
1899 31
1900 31
1901 50
1902 12
1903 36
1904 40
1905 26 31
1906 30
1907 36
1908 21
1909 21 41
1910 5 14 17
1911 4 8
1912 37
1913 32
1914 21
1915 11 36 40 49
1916 34 42 44
1917 7
1918 26 33
1919 39
1920 22
1921 16 48
1922 1
1923 6 11
1924 9
1925 39
1926 9 13 16 22 28
1927 37
1928 37
1929 16
1930 5 17
1931 5
1932 5
1933 6
1934 17
1935 32
1936 21 26
1937 11
1938 34 44
1939 4 39
1940 48
1941 48
1942 13 22
1943 3
1944 1 19
1945 20
1946 11 38 39
1947 7
1948 6 38
1949 9 28
1950 27
1951 27
1952 48
1953 36
1954 6
1955 8 13 33 39
1956 50
1957 23
1958 20
1959 6 44
1960 4 38
1961 23 42
1962 20
1963 10
1964 15
1965 7 14 18 23 40
1966 48
1967 17 20
1968 9
1969 7 9
1970 9 46
1971 16 28 32
1972 4 8 32
1973 3 35
1974 28 37 42
1975 10 32 42
1976 19 32 41 49
1977 1
1978 29
1979 41
1980 47
1981 49
1982 26 34 39
1983 6
1984 28 35
1985 26
1986 32
1987 8
1988 29
1989 44
1990 44
1991 7 9 23
1992 7 9 14 19
1993 29
1994 7
1995 18
1996 40
1997 46
1998 23
1999 14 23
2000 3
2001 9 49
2002 46
2003 10 13
2004 3 28
2005 10 25 28
2006 44
2007 35
2008 16 28 37
2009 44
2010 12
2011 4
2012 16
2013 43
2014 8 16 33
2015 3 31
2016 20
2017 20 46
2018 31
2019 31
2020 3
2021 40 49
2022 49
2023 36
2024 19
2025 6 40
2026 6
2027 19 23
2028 10 34
2029 48
2030 46
2031 28
2032 7 16 48
2033 5 17 20
2034 44
2035 13 14 21 34
2036 48
2037 17 48
2038 42
2039 8 28 37 38
2040 38
2041 7 29
2042 14 23
2043 6 44
2044 23 48
2045 3 9 23 29 38
2046 36
2047 35
2048 5 19 46
2049 27
2050 24 46
2051 34
2052 34
2053 7 9 14 38
2054 11 15
2055 3
2056 37
2057 14 16 29
2058 35
2059 33
2060 4 8
2061 16
2062 28
2063 34 36
2064 42
2065 30
2066 46
2067 28 35 42
2068 13 41
2069 6
2070 6
2071 42
2072 40
2073 19
2074 3
2075 37
2076 30
2077 4
2078 8
2079 23
2080 23
2081 10 14 16 18 23 24 38
2082 8
2083 7 14 23
2084 27
2085 26 47
2086 21 24
2087 46
2088 30 45
2089 22
2090 28 42
2091 38
2092 6
2093 45
2094 10
2095 16 21 40
2096 16
2097 21 24
2098 13 32 42
2099 32 42
2100 42 44
2101 9 14 18 22 40
2102 33
2103 9
2104 14 18 40 49
2105 14 40 49
2106 32 37
2107 41
2108 32 49
2109 32 38 41 49
2110 32 49
2111 49
2112 40 49
2113 19 23 41 49
2114 6
2115 41
2116 32 35 37
2117 7 27 39
2118 17
2119 24 26
2120 6 34 44
2121 6 19
2122 28 32 41 42
2123 9
2124 14 23
2125 23
2126 23
2127 9
2128 39 48
2129 24
2130 26
2131 27
2132 32
2133 41
2134 11
2135 5
2136 31
2137 27
2138 9
2139 7 23
2140 41
2141 48
2142 35
2143 14 16 19
2144 34 44
2145 9
2146 13 30
2147 2 22 38 47
2148 7 49
2149 29 42
2150 36
2151 7 16 37
2152 4 35
2153 8 37
2154 6 44
2155 4 8 28
2156 23
2157 30
2158 24 40
2159 37
2160 11
2161 13 46
2162 34
2163 17
2164 34
2165 10 21
2166 24 48
2167 5 17 28
2168 19
2169 10 26
2170 24
2171 16
2172 43
2173 13 20 26 28 31 42
2174 42
2175 10
2176 27
2177 7 14 23 40
2178 19
2179 46
2180 34 44
2181 5 7 23 40 43
2182 14 18
2183 32
2184 10
2185 17
2186 5
2187 30
2188 3 24 31
2189 7 14 37
2190 40 41
2191 6
2192 48
2193 13 22 44
2194 11
2195 2 6
2196 26
2197 13
2198 12 32
2199 45
2200 3
2201 4 8
2202 22 44
2203 13
2204 14 26
2205 26
2206 14 18 19
2207 46
2208 41
2209 23 48
2210 14 18 40
2211 14 23 46
2212 32
2213 35 42
2214 27
2215 14 18
2216 15 35
2217 22
2218 6 19
2219 6
2220 25
2221 19 42
2222 48
2223 3
2224 13 40 49
2225 10
2226 19
2227 9 13 14
2228 8
2229 16
2230 29 46
2231 4 8 24 42
2232 4 8 39
2233 37 41
2234 14 18 40
2235 14
2236 9 14 23
2237 2
2238 35
2239 13
2240 4 8
2241 13 31
2242 36
2243 30
2244 14
2245 41
2246 38
2247 44
2248 6
2249 20
2250 9
2251 1
2252 30 46
2253 6
2254 38
2255 36
2256 10 14 18
2257 10 35 41
2258 21
2259 32 37 38
2260 13
2261 7 16 23 48
2262 23
2263 13 28
2264 15
2265 34
2266 6 34
2267 23 29
2268 26 33 34
2269 22
2270 47
2271 31
2272 27
2273 46
2274 13 24 36
2275 44
2276 17 34
2277 7
2278 11 44
2279 44
2280 26 34
2281 4 8 12 16 38 39 44
2282 40 49
2283 48
2284 3
2285 12 16 22 25 47
2286 9 10
2287 9
2288 23
2289 14 18 23
2290 49
2291 26 44
2292 30
2293 8 40
2294 10 20
2295 22
2296 40
2297 26
2298 19
2299 13 28
2300 40
2301 17 26 44
2302 20 31 46
2303 6
2304 19 23 28
2305 16 46 50
2306 19
2307 11
2308 42
2309 9 11
2310 23 46 49
2311 48
2312 27
2313 3 11
2314 6
2315 6 24 38
2316 33 34
2317 4
2318 6 44
2319 6
2320 8 20 46
2321 15 20
2322 3 16
2323 38
2324 8
2325 8 25
2326 35 47
2327 40
2328 27
2329 28
2330 37
2331 42
2332 4
2333 46
2334 18
2335 19 29
2336 5 17 46
2337 24 28 32 38 42
2338 9 20 28 35
2339 20
2340 2 19
2341 13 28 42
2342 8
2343 15 24
2344 19
2345 26 34 44
2346 6
2347 34 44
2348 24
2349 16
2350 11 39
2351 35
2352 40 41 43
2353 32
2354 14 15 28 42
2355 31
2356 5 35
2357 3 13 28
2358 9
2359 19 30 39
2360 46
2361 17
2362 6 41 45
2363 23 38 43
2364 40 45
2365 3 20
2366 10 27
2367 5
2368 17
2369 4 8 28
2370 37
2371 25
2372 30
2373 19
2374 19 47
2375 7
2376 22 41
2377 23 27
2378 13 22
2379 20 31
2380 11 30
2381 7 14 16 23 24 41
2382 9
2383 41
2384 4 38
2385 8
2386 46
2387 44
2388 40
2389 26
2390 27
2391 16
2392 35
2393 48
2394 5
2395 11 14 19
2396 3 46
2397 6 32 36
2398 11 28 38
2399 36
2400 18 24
2401 35
2402 41
2403 27 34
2404 42
2405 14 18
2406 30
2407 35
2408 10
2409 3 11
2410 4
2411 41
2412 9
2413 23
2414 14
2415 4
2416 24 31 46
2417 4 7
2418 34 44
2419 9 10 14 23 29
2420 47
2421 4 12 16
2422 43
2423 28
2424 25 32 41 42
2425 7
2426 7 9 16 28
2427 36
2428 32
2429 5
2430 46
2431 3
2432 29
2433 9 16 28 40 49
2434 11
2435 3 28
2436 8 16 39 48
2437 48
2438 32 35
2439 11 13
2440 35
2441 11
2442 48
2443 46
2444 8 19
2445 7 37 42
2446 8 32
2447 13 43
2448 34
2449 19
2450 36 43
2451 43
2452 41
2453 3
2454 33
2455 13 34
2456 16 39
2457 7 23
2458 28
2459 20 22 42
2460 14 18
2461 28 30 42
2462 7 13 16 22 37
2463 21
2464 22
2465 10
2466 10 31
2467 6 35 38
2468 34
2469 26
2470 34
2471 28 42
2472 32 47
2473 12
2474 10
2475 12 47
2476 3
2477 11
2478 9 19
2479 31
2480 20 24 46
2481 34
2482 46
2483 44
2484 13 28 37 42 50
2485 10
2486 6
2487 26
2488 7
2489 35
2490 13 26
2491 13 14 18
2492 26
2493 31
2494 26
2495 14 26
2496 26
2497 9
2498 11
2499 3 26 31
2500 2
2501 32
2502 39
2503 40
2504 5 17 20
2505 42
2506 30
2507 20 31 42
2508 9
2509 7 18
2510 32 35 49
2511 21
2512 3 20
2513 29
2514 3
2515 37
2516 3 8 38
2517 19
2518 3
2519 11 27
2520 8 10 46
2521 4 8 24
2522 11
2523 16
2524 34
2525 10
2526 44
2527 2
2528 8
2529 26 27
2530 9
2531 6 44
2532 6 44
2533 31
2534 4 8
2535 4 8
2536 10 48
2537 46
2538 14 29
2539 45
2540 10
2541 6
2542 6
2543 26 34
2544 19
2545 46
2546 44
2547 49
2548 3 31
2549 9
2550 8 42
2551 8
2552 29
2553 32
2554 31
2555 3
2556 7 9
2557 20 22
2558 7
2559 41
2560 19 41 46
2561 5
2562 43 44
2563 10 16 28 29 32 38
2564 2 15 16 24
2565 33
2566 8 16 24 38
2567 26
2568 5 7 46
2569 35
2570 36
2571 4 8 9 16 29 32 38 42
2572 18 23
2573 7 9
2574 4 8
2575 18
2576 14
2577 23
2578 3 8 31
2579 31
2580 23 26
2581 26
2582 37 39
2583 3
2584 13 26 38
2585 9
2586 5 17
2587 17 20
2588 6 7 23
2589 42
2590 10 26 27 34
2591 5
2592 18 23
2593 44
2594 32
2595 7
2596 42
2597 3 20
2598 5
2599 3 20 31
2600 19 28 39
2601 21 26 33 34 44
2602 16
2603 32 37
2604 14 18
2605 14 18
2606 20
2607 14 16 18
2608 14 21
2609 20 46
2610 14 18
2611 6 41
2612 6 11
2613 34
2614 13 15 19 28 42
2615 22 41
2616 31
2617 24
2618 22
2619 14 18 48
2620 11
2621 41
2622 26 44
2623 23
2624 30
2625 9 10 19 23 25 38 47
2626 9 10 11 23 24 39
2627 9 24 34
2628 13 44
2629 46
2630 20 31
2631 7
2632 32
2633 34 44
2634 39 42
2635 3 16 28
2636 13 23
2637 28
2638 35
2639 10 46
2640 19
2641 41
2642 8
2643 26
2644 39
2645 48
2646 34
2647 5 17
2648 34
2649 48
2650 13 27
2651 6
2652 27
2653 23 25 29 49
2654 3
2655 27 41
2656 20
2657 8 9 11 19 20 24 40 46
2658 34
2659 39
2660 11
2661 34 44
2662 17 20
2663 27
2664 32 35
2665 11
2666 38
2667 27
2668 14
2669 41
2670 13 40
2671 14 44 50
2672 42
2673 10 46
2674 41
2675 11 20
2676 35
2677 35 49
2678 38
2679 46
2680 31
2681 21
2682 27
2683 6 34 44
2684 48
2685 10
2686 20 46
2687 23 34 38 45
2688 30
2689 14 23
2690 24
2691 23
2692 24
2693 32
2694 43
2695 10
2696 42 46
2697 10
2698 35
2699 22
2700 11 20
2701 9 16 29
2702 31
2703 31
2704 41
2705 38
2706 3
2707 3 6
2708 35
2709 32 42
2710 36
2711 37
2712 35
2713 35
2714 10
2715 24
2716 4 35
2717 43
2718 27 42
2719 4
2720 9
2721 22
2722 30 35
2723 21
2724 31 42 46
2725 40
2726 35 39
2727 22 40
2728 14 18
2729 22 38 40
2730 29
2731 38 49
2732 28 37
2733 40
2734 6
2735 34
2736 12 48
2737 9 37
2738 7 14 16 27
2739 39
2740 15
2741 40
2742 9
2743 6
2744 45
2745 17
2746 9
2747 32
2748 3
2749 16 21 25 28 32 42 50
2750 1 10
2751 28
2752 41
2753 4 8
2754 41
2755 4 8 29
2756 35 41 48
2757 30
2758 11
2759 4 5 8 17
2760 11 31
2761 21
2762 15
2763 46
2764 26
2765 25 32 38
2766 10
2767 7 23 24 40 45
2768 20 28 30 42
2769 25 37 41
2770 10
2771 31
2772 7 32
2773 29 43
2774 41
2775 27
2776 33
2777 38
2778 23 41
2779 48
2780 16 32
2781 3 31
2782 23
2783 7 14 16 29
2784 7 14 18 23 32
2785 7 16 23 38
2786 7 9 16
2787 21 39
2788 34 44
2789 26
2790 10 25
2791 46
2792 19
2793 30
2794 11 42
2795 3
2796 14 18
2797 22
2798 9
2799 14
2800 27 34 44
2801 10 13 22 43
2802 10
2803 13 34
2804 36 42
2805 26
2806 11
2807 34 44
2808 30 44
2809 9
2810 4 8 10 16 24 28
2811 6
2812 7 14
2813 16 24
2814 16 28
2815 13 34 41
2816 16 21
2817 41
2818 16
2819 26
2820 48
2821 8 39
2822 42
2823 30
2824 23
2825 21
2826 40
2827 7
2828 6
2829 26 46
2830 37
2831 7 10
2832 3 20 31
2833 9 32
2834 44
2835 6 23 43
2836 7
2837 42
2838 6 44
2839 44
2840 28 42
2841 3 31
2842 16 48
2843 44
2844 30
2845 46
2846 14
2847 18
2848 9
2849 28
2850 12 47
2851 48
2852 20 31
2853 13 28 43
2854 48
2855 22 28 42
2856 37
2857 9
2858 3
2859 19 38 39
2860 7 14 16 24 38 46
2861 19
2862 1 28
2863 46
2864 7 12
2865 39
2866 32 47
2867 34 44
2868 26
2869 46
2870 4
2871 8 28 35
2872 11
2873 50
2874 31
2875 4
2876 41
2877 5 13 17 20 22 39
2878 3 20 31
2879 20 31
2880 49
2881 37
2882 23
2883 4 8
2884 32
2885 39
2886 14
2887 3 20 41
2888 40 47
2889 13 21
2890 6 12 32 37 44
2891 10 12 35 47
2892 4 9
2893 41
2894 27
2895 46
2896 41 48
2897 9 19
2898 26
2899 35 41
2900 44
2901 13
2902 43
2903 41
2904 29 42
2905 28 41 42
2906 6
2907 4 8 24
2908 11
2909 10 41
2910 9 25 29
2911 19
2912 7 29 46
2913 7 16 19 23 29 38
2914 7 10 16 38
2915 23
2916 20 44
2917 4
2918 9 23 29
2919 23
2920 14 18
2921 3 35
2922 15
2923 44
2924 9
2925 8 30 38 48
2926 8
2927 19 23
2928 3 11 40 49
2929 16 29 32 40
2930 29
2931 6 44
2932 40 49
2933 14 40 49
2934 23
2935 14 16 19 28 32 40
2936 19 38
2937 14 16
2938 16 23 29 38
2939 36
2940 41
2941 10
2942 36
2943 27
2944 41
2945 14 18
2946 8
2947 43
2948 6 44
2949 6 34 44
2950 46
2951 4 9
2952 3 20 31
2953 26
2954 20 23
2955 21
2956 19
2957 32 37
2958 3 31
2959 27 49
2960 20 37
2961 16
2962 4 8 9 28
2963 38
2964 9 38
2965 7 24 32 40 49
2966 40
2967 40
2968 11 13
2969 34
2970 34 38
2971 34 44
2972 48
2973 3 20 40
2974 13 28 31
2975 30
2976 41
2977 36
2978 34
2979 39
2980 15
2981 42
2982 10
2983 46
2984 50
2985 16 28
2986 19 28
2987 44
2988 35
2989 7 10 16
2990 6 14
2991 3 31
2992 11 13 21 24
2993 5 48
2994 8
2995 4
2996 12
2997 40
2998 14 29
2999 24
3000 6 7 36
3001 8 14 23
3002 14 18
3003 6 34 44
3004 10 48
3005 31
3006 38
3007 23 43
3008 12 28 37
3009 8 37
3010 30 43
3011 13 43
3012 17 20 24 31
3013 20 31
3014 11
3015 43
3016 21
3017 3 26 31
3018 7
3019 22
3020 7 14 23 44
3021 4 8 11 46
3022 46
3023 10
3024 32 41 49
3025 10
3026 9 13 28 33 42
3027 27
3028 41
3029 28
3030 5 17
3031 9
3032 3
3033 5 49
3034 3
3035 40
3036 2 38
3037 16 19 38
3038 9 32
3039 6 34 44
3040 7 10 13 14 16 28 34 35 38 43
3041 23
3042 21
3043 4
3044 14 32 41
3045 4
3046 26
3047 26 31
3048 31 38
3049 6 41
3050 35 37
3051 26 30 31
3052 50
3053 21
3054 3 42
3055 36
3056 40 49
3057 20 39
3058 10 14 46
3059 31
3060 19
3061 26
3062 19 46
3063 28
3064 6
3065 44
3066 13 36
3067 2 7 16 23 29
3068 10
3069 24
3070 37
3071 47
3072 48
3073 20
3074 48
3075 32
3076 30
3077 3
3078 46
3079 31
3080 19
3081 13 37 39 41
3082 41
3083 1
3084 11
3085 49
3086 17
3087 48
3088 3 31
3089 5 11 15
3090 22 28
3091 14 18
3092 28
3093 14 23
3094 16 40
3095 31
3096 9
3097 3 26 31
3098 27
3099 19 30
3100 39
3101 8 44
3102 41
3103 7 14 18
3104 9 46
3105 6
3106 37
3107 21
3108 30
3109 48
3110 43
3111 23
3112 46
3113 13
3114 14 18
3115 4 8
3116 4 8
3117 31
3118 3 20 35 40 46
3119 3 4 8 28
3120 24
3121 8
3122 13
3123 14 23 41
3124 20
3125 23
3126 16 23 48
3127 6
3128 46
3129 4
3130 2
3131 13
3132 7 11 41
3133 16
3134 27 31
3135 46
3136 13
3137 36
3138 19 41 49
3139 4 8
3140 27
3141 14
3142 19
3143 17 30
3144 6
3145 35 49
3146 11 20 24
3147 40
3148 7 28 37 42
3149 45 48
3150 45
3151 31
3152 3 31
3153 31
3154 14
3155 8
3156 11 48
3157 13
3158 34 44
3159 14
3160 48
3161 21 23 26 33
3162 5 11
3163 30
3164 6
3165 24
3166 30
3167 5 46
3168 4 8 46
3169 30
3170 20 31
3171 33
3172 27
3173 36
3174 24
3175 9
3176 11 46
3177 3 20 31
3178 33
3179 8 42
3180 3 21
3181 34
3182 9 29
3183 7 9 14 23 45
3184 19 23 29 43 45
3185 7 9 14 18 23 29
3186 27 36
3187 23 43
3188 7 14 16 23 24 28 29 32 38 40
3189 44
3190 49
3191 1
3192 24 25 32
3193 7
3194 15
3195 9 33
3196 13 22 33 46
3197 11 28 42
3198 6
3199 21 38
3200 26
3201 41
3202 31 40
3203 12
3204 33
3205 17 38
3206 11 28 37
3207 34
3208 27
3209 19 35
3210 35
3211 35 40 41
3212 35 41
3213 10
3214 7 14 16
3215 7 9 19 29
3216 29 43 46
3217 10 35
3218 8 35
3219 30 48
3220 35
3221 42
3222 1 28
3223 6
3224 41
3225 28 48
3226 42
3227 24
3228 10
3229 7 23
3230 4 5 17
3231 20
3232 6
3233 20 31
3234 11
3235 39
3236 34 44 48
3237 10 31 38
3238 40 41 49
3239 4 8
3240 35
3241 9 14
3242 41
3243 44
3244 13 20 22 39
3245 13 22 39
3246 17 20
3247 28 32 38 42
3248 34 44
3249 8 20 49
3250 23
3251 9 16 19 29
3252 34
3253 7 9 16 18 23 29
3254 37 41 44
3255 9 14 19 23 46
3256 2 37
3257 3 31
3258 2
3259 2 8 16 19 32 46
3260 16 19
3261 37 44
3262 14 29
3263 34
3264 4
3265 33
3266 14
3267 41
3268 31
3269 8 31
3270 31
3271 3 13 28
3272 27
3273 6
3274 30
3275 48
3276 35
3277 13
3278 42
3279 35
3280 13
3281 9 47 50
3282 40
3283 2 37
3284 41
3285 19
3286 27
3287 2 9 10 16 19 24 38
3288 15
3289 7 16
3290 19
3291 20 39 48
3292 2 9
3293 6
3294 35
3295 20 46
3296 46
3297 27
3298 7 40 43
3299 32
3300 27
3301 43
3302 50
3303 41
3304 4 8 39
3305 11
3306 19
3307 35
3308 10 48 49
3309 41
3310 34
3311 41
3312 6 41
3313 34
3314 10
3315 19
3316 48
3317 6
3318 16 39
3319 11
3320 9
3321 3 4 8 35
3322 10 28 42
3323 26 33
3324 34
3325 26
3326 26
3327 26
3328 6 41
3329 11
3330 3
3331 48
3332 27
3333 38
3334 6 34 44
3335 1 11
3336 43
3337 23
3338 37
3339 13 15 42
3340 6 21
3341 27
3342 2 6
3343 7 9 10 16 19 23
3344 27 34
3345 20 26
3346 16
3347 11
3348 14
3349 28
3350 4 10 23
3351 7 16 19 23 32
3352 7 9 14 16 18 19 29
3353 9
3354 39
3355 36
3356 28
3357 14 18 23 39
3358 31
3359 32
3360 3
3361 15 31
3362 32 40 49
3363 31
3364 3 31
3365 2
3366 31
3367 31
3368 11
3369 24
3370 31
3371 28
3372 18
3373 31
3374 26 46
3375 27
3376 10 25 47
3377 4 8 14 23 40
3378 8
3379 5 46
3380 29
3381 43
3382 41
3383 46
3384 4
3385 48
3386 7 9 10 19
3387 11
3388 19 30
3389 34 42 44
3390 41
3391 26 34
3392 9 32 42
3393 32 35
3394 28 46
3395 15
3396 32
3397 17
3398 34 38 44
3399 24
3400 6 11 44
3401 8 26 34 44
3402 8 9 44
3403 36 38
3404 11 42
3405 16
3406 26
3407 2 8 41
3408 6
3409 6 34 44
3410 4 8 13 37
3411 33
3412 6
3413 33 34
3414 21
3415 35
3416 21
3417 46
3418 40 46 49 50
3419 46
3420 11
3421 9 22
3422 32 35
3423 30
3424 3 5 13 17 20 31 42 46
3425 13
3426 28
3427 20 46
3428 15 27
3429 7 19 23 38
3430 5 17 37
3431 22
3432 34
3433 10
3434 21 26
3435 43
3436 40
3437 13 22 35 39
3438 37 38
3439 35 38
3440 17 27
3441 31
3442 26
3443 4
3444 35
3445 40
3446 11
3447 13 28 42
3448 4 8 24
3449 42
3450 6 31
3451 9 16
3452 16 32
3453 23
3454 44
3455 6
3456 36
3457 4 7 24 40
3458 3 9 14 30
3459 30
3460 7
3461 31
3462 7 16 19
3463 11 35 42 46
3464 20
3465 7 32
3466 35 43
3467 6 41
3468 28 37
3469 5 8 17 31
3470 6 34
3471 3 31
3472 48
3473 16 32
3474 4 5 8 17 28
3475 3 31
3476 27
3477 13 15 38 39 46
3478 27
3479 6 35 38 49
3480 26 34 44
3481 13 43
3482 3
3483 10 18
3484 48
3485 9
3486 29
3487 15
3488 11 31
3489 15 26 34
3490 16 19 49
3491 7 16 19 22 28 32 40 45
3492 46
3493 3 10 16 32 38
3494 46
3495 1
3496 10 27
3497 27
3498 7 37
3499 10 13 28 38 43
3500 3 15 24 35 38
3501 24
3502 46
3503 10
3504 20 31
3505 6
3506 12 28 42 44
3507 10 24 29
3508 10
3509 7 29 40
3510 4 8 35
3511 11
3512 7 10 16
3513 4 8 49
3514 37 39
3515 37
3516 6
3517 16 24
3518 26 31 42
3519 15
3520 34 42 44
3521 27
3522 7 16 23 29
3523 27
3524 27
3525 24 27
3526 27
3527 27 31
3528 34 44
3529 27
3530 27
3531 14 39
3532 1 21
3533 24
3534 49
3535 49
3536 7 19
3537 40 49
3538 20
3539 16 19
3540 44
3541 8 40
3542 24
3543 21
3544 42
3545 16
3546 38
3547 10 16 21 22 24 28 38
3548 43
3549 28 40
3550 31
3551 9 40 49
3552 49
3553 27
3554 23 38
3555 40 49
3556 25
3557 23
3558 26
3559 19
3560 4 42
3561 30
3562 9 13 14 27
3563 9
3564 23
3565 30
3566 4 8
3567 10
3568 9 23 29
3569 41
3570 10
3571 46
3572 23
3573 24 40 49
3574 40
3575 13 26
3576 49
3577 40
3578 11
3579 13 19 21 28 42
3580 11
3581 38
3582 48
3583 41
3584 26 44
3585 11
3586 34 44
3587 30
3588 10 34
3589 27
3590 43
3591 30 44
3592 45
3593 26 34 44
3594 45
3595 27
3596 27
3597 26
3598 26
3599 47
3600 12
3601 3
3602 14 17
3603 30
3604 33
3605 5 17
3606 48
3607 46
3608 18
3609 10
3610 40
3611 26
3612 26
3613 26 44
3614 26
3615 26
3616 3
3617 7 16 38
3618 19
3619 11
3620 24
3621 10 19
3622 31
3623 32
3624 32
3625 28 32
3626 11
3627 21
3628 10 14 23 29 32 38 46
3629 39
3630 27
3631 10 25 35 38 45
3632 20
3633 6
3634 10 27
3635 41
3636 4 35
3637 42
3638 23
3639 12 47
3640 26
3641 31
3642 34 44
3643 31
3644 31
3645 31
3646 15 31
3647 31
3648 1
3649 31
3650 31
3651 48
3652 27 36
3653 24
3654 40 42 49
3655 44
3656 16 22 28
3657 21
3658 11
3659 25
3660 7 29
3661 43
3662 5
3663 24 44
3664 4 8
3665 33
3666 28 42
3667 6
3668 35
3669 7 15
3670 16
3671 18
3672 34
3673 35
3674 13 35 43
3675 6 9
3676 9 35
3677 30
3678 10
3679 28
3680 19
3681 6
3682 9
3683 35
3684 6
3685 36
3686 6 30 34 42 43 44
3687 48
3688 28 40 49
3689 8 33 34 44
3690 4 35
3691 30
3692 6
3693 3 27
3694 26 27
3695 14
3696 11
3697 11 38
3698 21
3699 21
3700 13
3701 19 43
3702 40 49
3703 39
3704 2 16 32 39
3705 45
3706 49
3707 26
3708 23
3709 34
3710 35
3711 21
3712 10 27
3713 27
3714 17 27
3715 4
3716 35
3717 10 16 32 38 39
3718 27 38
3719 7 13 14 16
3720 21
3721 7
3722 5 11
3723 10 13 21 28 42
3724 14 29 38
3725 7
3726 41
3727 34
3728 11
3729 4 8 24
3730 4 8 10 16 19
3731 6
3732 6 30 44
3733 41
3734 5 17
3735 6 13 24
3736 46
3737 4 9 13 16 28 35 37
3738 30
3739 1
3740 24
3741 6
3742 42
3743 30
3744 21
3745 4
3746 47
3747 20
3748 11
3749 31 33
3750 3 8
3751 27 31
3752 16 24
3753 34 44
3754 39
3755 11
3756 38
3757 37
3758 41 43
3759 11
3760 8
3761 9
3762 30 48
3763 43
3764 23
3765 34
3766 26
3767 24
3768 19 30
3769 21
3770 49
3771 21
3772 28
3773 48
3774 4 8
3775 36
3776 20
3777 9 19 25 37 50
3778 27
3779 40 49
3780 28 32 42
3781 7 40 48 49
3782 4 8 10 43
3783 36
3784 14
3785 39
3786 20
3787 46
3788 36
3789 26
3790 5
3791 1
3792 40 46 49
3793 24
3794 9 33
3795 34
3796 34
3797 2 37 41
3798 10 27
3799 27
3800 41
3801 3
3802 26 34
3803 27 34
3804 34 44
3805 11 36
3806 4
3807 27
3808 27
3809 42 49
3810 48
3811 24 40
3812 7
3813 11
3814 18
3815 17 24
3816 26
3817 34 44
3818 16
3819 2
3820 35
3821 27
3822 5
3823 21 34 44
3824 27
3825 11 13 24 34
3826 2 48
3827 48
3828 33
3829 28 42
3830 15
3831 11 38
3832 10 42
3833 34
3834 35
3835 15 42
3836 4 41
3837 34
3838 6 41
3839 13 15
3840 3 13
3841 19
3842 42
3843 23 35 50
3844 39 41
3845 26 27
3846 44
3847 4
3848 32 35
3849 14 18 23 29
3850 46
3851 9
3852 32
3853 41
3854 32
3855 8 19
3856 39
3857 15 40
3858 32
3859 37
3860 4 41
3861 39
3862 35
3863 39
3864 41
3865 20 28
3866 26
3867 9
3868 6
3869 27
3870 9 14 18 38
3871 4 7
3872 7 37 44
3873 26
3874 26
3875 34 42
3876 32
3877 1 21
3878 27
3879 48
3880 42
3881 36
3882 24 26 44
3883 49
3884 19
3885 6
3886 2 35
3887 26
3888 4 8 21
3889 34 38
3890 37
