77 16
10 -0.13944204 0.35743612 -0.19697177 -0.5089356 -0.3350858 -0.4237212 -0.24435286 -0.22741504 0.03472101 0.18090762 0.010710988 0.01283718 -0.45778647 0.3284764 0.043270737 -0.27880698
48 -0.0017235106 0.6022178 -0.4152705 -0.41602173 -0.5299151 -0.37424386 -0.42295584 -0.4737101 0.22083767 -0.34615678 -0.08929552 -0.035987552 -0.18328929 0.2895313 -0.30107844 0.10306824
55 0.15930428 0.6003517 -0.49084312 -0.17463508 -0.47563598 -0.46493232 -0.33299047 -0.34456664 0.20084637 -0.3159266 0.2592936 0.16499592 -0.41625324 0.27194083 -0.32756937 0.019354112
27 0.040624678 0.3005748 -0.026525468 -0.5328936 -0.37660456 -0.36953157 -0.27574652 -0.28898945 0.16485329 -0.117493615 0.048508085 -0.0344848 -0.65178657 0.34480613 0.106269814 -0.22204559
23 0.554264 0.0745941 0.13509774 -0.592512 -0.30583537 -0.54790914 -0.43374524 -0.015714377 0.06899237 -0.3792944 0.4800793 0.21835455 -0.8596543 0.28546724 0.4735576 -0.16315544
25 0.18918017 0.48707724 -0.17690778 -0.5030539 -0.4253446 -0.30482644 -0.2764326 -0.31397113 0.1250298 -0.2949215 0.11663158 0.14444028 -0.5597618 0.21293977 -0.12895948 -0.07273913
58 -0.061475616 0.60859054 -0.5163564 -0.3243892 -0.44181538 -0.48067254 -0.4585836 -0.34960598 0.10588248 -0.10012567 0.056927286 0.04449662 -0.16283575 0.250873 -0.23787409 0.053842615
1 -0.43876716 0.63244236 -0.89882815 -0.835758 -0.08602015 -0.6191492 -0.50296354 -0.05471808 -0.5504661 0.5980928 -0.12241687 0.12885952 0.032711715 0.3363762 0.73866236 -0.94347167
24 0.083450645 0.44304734 -0.2164116 -0.54241216 -0.3331445 -0.3322093 -0.261879 -0.27375513 0.07967025 -0.12120261 0.072398536 0.13839813 -0.5631643 0.22906831 -0.12923117 -0.051845647
26 0.093975335 0.40328872 -0.22530428 -0.38735595 -0.3649635 -0.27830487 -0.20929 -0.32503402 0.18324234 -0.31902596 0.11198268 0.20857869 -0.6418065 0.19138215 -0.05132659 -0.23131514
41 0.18678053 0.5427863 -0.2925818 -0.4032151 -0.3851821 -0.42500338 -0.4056098 -0.26790962 0.09072655 -0.21953021 0.21038514 0.18649657 -0.32796183 0.23536137 -0.17878352 0.08774049
57 0.11602583 0.6605291 -0.60683906 -0.19457415 -0.5289868 -0.6221222 -0.53867644 -0.3143047 0.21319292 -0.09789363 0.24549845 0.12268314 -0.2000051 0.381587 -0.4213956 0.31605858
62 0.044483278 0.7402352 -0.6113445 -0.18544832 -0.58263445 -0.5013985 -0.5061572 -0.4682979 0.18442895 -0.22168608 0.12327119 0.07499721 -0.119070105 0.3013797 -0.4227264 0.18497959
64 -0.01813517 0.64761406 -0.6451224 -0.15051828 -0.541574 -0.590388 -0.5678678 -0.35029146 0.22312108 -0.17805971 0.14425336 0.09935472 -0.15073003 0.27932048 -0.3441978 0.20079516
65 -0.027592473 0.734695 -0.6292364 -0.19933203 -0.53467774 -0.58574766 -0.44115454 -0.33667848 0.11397288 -0.05014557 0.12686735 0.035358246 -0.11817501 0.3018073 -0.36253026 0.14925289
70 0.0018231717 0.58278173 -0.41061306 -0.48453987 -0.33629993 -0.374357 -0.29105306 -0.30143353 0.008307237 -0.06900429 -0.031958476 0.11648864 -0.28587416 0.21668644 -0.04257753 -0.05159475
63 0.05327131 0.66711205 -0.58441293 -0.19082691 -0.5821577 -0.5972353 -0.53332335 -0.36911535 0.26410952 -0.26310068 0.19695781 0.048195817 -0.16632567 0.32816067 -0.4281453 0.25761637
61 0.11388077 0.66283745 -0.64441323 -0.08887705 -0.52849644 -0.6162254 -0.6088981 -0.25257027 0.18278491 -0.12444149 0.29210493 0.09292864 -0.12677254 0.31752563 -0.37686563 0.2819782
17 0.50377333 0.21958362 -0.30664104 -0.44942367 -0.15313394 -0.43654466 -0.53370756 0.004724495 0.041174497 -0.56869155 0.509865 0.43790454 -0.55857503 0.080187075 0.52042574 -0.20558833
59 0.1046932 0.6310442 -0.5569992 -0.19234106 -0.5442389 -0.5916319 -0.529153 -0.36106145 0.21793605 -0.2219296 0.17194511 0.12215078 -0.14373718 0.33086792 -0.32087073 0.23639634
69 -0.012264345 0.47588998 -0.22742397 -0.5704699 -0.35071787 -0.31807613 -0.27165824 -0.35165426 0.019400796 -0.09319461 -0.075479314 0.03041297 -0.4087666 0.22371948 -0.03360598 -0.1528446
71 0.07091451 0.55429065 -0.18940218 -0.43822384 -0.5206755 -0.38163874 -0.2560059 -0.40858325 0.12987797 -0.19244339 0.036254983 0.017638488 -0.38354212 0.3229244 -0.22122328 0.018272027
66 -0.009403683 0.7324158 -0.65297073 -0.2019056 -0.57850176 -0.6332014 -0.48617113 -0.41625008 0.21482939 -0.0653428 0.17008506 0.055087693 -0.13555218 0.35754824 -0.5017297 0.24773194
68 0.11412012 0.50203544 -0.11543355 -0.5075702 -0.45590815 -0.32407004 -0.2576721 -0.3906992 0.20817554 -0.198596 0.047352962 0.03287668 -0.52931833 0.29299942 -0.2516784 0.039210957
29 0.2630411 -0.003952126 0.33435246 -0.7501287 -0.5005346 -0.62497365 -0.11683969 -0.11859797 0.035757355 0.12525024 0.27362087 -0.2365489 -0.8136012 0.5774656 0.32302013 -0.42753297
60 0.055823732 0.711434 -0.62470526 -0.13712536 -0.62957186 -0.6612566 -0.6026876 -0.37799713 0.28540573 -0.18584159 0.19890758 0.04436311 -0.16447997 0.35649052 -0.52693963 0.36000636
49 0.036258746 0.46030253 -0.34104055 -0.318837 -0.39743996 -0.34101272 -0.23090693 -0.30307367 0.14902775 -0.1583267 0.13716435 0.14305772 -0.45570788 0.26453948 -0.085742906 -0.24892521
51 0.073426016 0.5229361 -0.3171386 -0.3458375 -0.46018374 -0.26578787 -0.12681502 -0.4242956 0.16719666 -0.22386676 0.13475807 0.20355858 -0.6086928 0.22153425 -0.21792237 -0.32825023
21 0.75767696 0.08347345 -0.0847563 -0.5155075 -0.23666774 -0.6224538 -0.67843044 0.08413406 0.116492115 -0.6931072 0.7255061 0.4329308 -0.85723734 0.16252002 0.59644175 -0.11044117
19 0.65189916 0.114802554 -0.08191649 -0.48147556 -0.19072583 -0.5682678 -0.6250853 0.10864567 0.037011556 -0.5763898 0.67643213 0.4203842 -0.74066913 0.20964065 0.6531903 -0.13738571
22 0.5923845 0.056431644 -0.1458026 -0.5776503 -0.085889615 -0.56936073 -0.60501254 0.17824621 -0.10266269 -0.5014874 0.6431032 0.45146954 -0.6870412 0.15113683 0.84457254 -0.34580076
20 0.7252194 0.11085914 -0.15186544 -0.44992825 -0.1690797 -0.61194813 -0.6730802 0.08008032 0.011311461 -0.5877652 0.70041883 0.44044062 -0.64283794 0.14463454 0.6114439 -0.064350024
18 0.79822236 0.084143855 -0.13201448 -0.57354397 -0.19808182 -0.6036684 -0.6948029 0.1002495 0.061997145 -0.70705956 0.7285618 0.5069569 -0.8000046 0.13376553 0.6938481 -0.2095684
76 -0.024238097 0.73817813 -0.6586901 -0.19230764 -0.5228831 -0.55894 -0.54117227 -0.35175696 0.13103479 -0.08889614 0.080615975 0.044203892 -0.059298344 0.3157564 -0.34723064 0.22477773
75 0.18625973 0.4797438 -0.14867193 -0.49812302 -0.46850726 -0.3477622 -0.26344314 -0.352249 0.14462563 -0.22097509 0.08319891 0.06279956 -0.4594414 0.27410588 -0.12954251 -0.017099293
16 0.81956637 0.03004294 -0.057379026 -0.55431974 -0.23387858 -0.694005 -0.70674735 0.1651266 0.04563936 -0.65233046 0.82104915 0.43103313 -0.83230203 0.1962115 0.7114502 -0.16295975
36 0.13488163 -0.0065319464 0.41092932 -0.760684 -0.56349283 -0.6147576 -0.067582384 -0.17970333 -0.02005995 0.20371109 0.14195062 -0.30403182 -0.7415444 0.58250016 0.22854418 -0.4763846
37 0.18345459 0.028683912 0.40417215 -0.78120303 -0.6500843 -0.6712544 -0.0649214 -0.17826977 0.0040698554 0.23748684 0.19733632 -0.33644328 -0.70633125 0.6774183 0.22213048 -0.4430647
35 0.20650128 -0.016314082 0.38204485 -0.819963 -0.5004174 -0.63182056 -0.12176996 -0.14649293 -0.015841931 0.22234629 0.18812951 -0.23740488 -0.7802369 0.6016498 0.33253184 -0.4478643
38 0.14928938 0.0014067779 0.4556653 -0.87638336 -0.65645975 -0.64522576 -0.09748123 -0.16600238 -0.027618792 0.31131572 0.19449908 -0.40163535 -0.75633794 0.67403054 0.22450802 -0.49594218
34 0.17245728 0.0006139474 0.3014361 -0.76914144 -0.5028855 -0.65832245 -0.13753885 -0.088999756 -0.05186159 0.2442911 0.20400351 -0.2832275 -0.65719265 0.5658796 0.3407219 -0.49734908
28 -0.32795888 0.1896691 -0.16556278 -0.5804699 -0.20594145 -0.28452933 -0.34689322 -0.42021984 0.20470038 -0.042152107 -0.2077965 -0.08977608 -0.9247623 0.36983094 0.13368262 -0.27135405
31 0.2675741 0.2629718 -0.04519317 -0.5076319 -0.32000634 -0.42957717 -0.38853097 -0.056769576 0.020878136 -0.17293388 0.27763942 0.121498995 -0.538485 0.21497771 0.38034067 -0.21270938
54 0.028947566 0.5511165 -0.28375733 -0.33587545 -0.5428446 -0.34548393 -0.1563792 -0.3859693 0.13808307 -0.25498933 0.10778606 0.06644246 -0.5057706 0.24797541 -0.18716626 -0.2158673
42 0.17874917 0.499521 -0.24782257 -0.42858264 -0.38228115 -0.37548772 -0.27675048 -0.24628869 0.07475796 -0.18494327 0.1573988 0.12976614 -0.45609784 0.2806777 -0.09658727 -0.05381309
39 0.15516542 0.6828307 -0.378632 -0.26537815 -0.54913986 -0.35183954 -0.22645468 -0.48816717 0.14023012 -0.38480535 0.09220645 0.15064797 -0.4294609 0.21461415 -0.25594273 -0.09570148
72 0.09900975 0.27163926 -0.17798392 -0.46054634 -0.31253847 -0.39228874 -0.26846728 -0.19974393 0.03497861 -0.14369155 0.10889076 0.09797215 -0.6053335 0.28837836 0.13163377 -0.29940757
2 -0.31463575 0.44242245 -0.5878765 -0.7073304 -0.09431439 -0.4861878 -0.26817793 -0.052234333 -0.42920434 0.521624 -0.0664462 0.056504905 -0.084066354 0.30311042 0.61640203 -0.68177986
3 -0.3903381 0.38859046 -0.4606632 -0.76636285 -0.1456178 -0.5209422 -0.26017287 -0.14467447 -0.3869214 0.5914816 -0.13298325 -0.08546299 -0.19859225 0.3679874 0.52943975 -0.7696421
43 0.06523398 0.38049525 -0.19451438 -0.48262832 -0.31546232 -0.34250855 -0.28023657 -0.26424742 0.069622844 -0.13612732 0.08448382 0.094681785 -0.5235039 0.2307602 0.1102346 -0.24023609
50 0.09445622 0.4819188 -0.3169147 -0.42560858 -0.31464657 -0.32874948 -0.23910515 -0.25855348 0.08194279 -0.24603797 0.19273669 0.13934293 -0.5026381 0.20571066 0.06586656 -0.21022184
52 0.09935687 0.63737154 -0.3790494 -0.26480997 -0.57293683 -0.31898376 -0.23655845 -0.51666695 0.19615814 -0.26318508 0.014057207 0.073575035 -0.46375802 0.2146955 -0.42169365 -0.17632984
56 0.056744702 0.48775473 -0.40458184 -0.3420322 -0.39508894 -0.37979838 -0.3208001 -0.24646144 0.1098439 -0.16394718 0.15410298 0.087527856 -0.36071828 0.24429451 -0.15329738 -0.15449037
30 0.40593967 0.094777904 0.0150530515 -0.5113435 -0.21098447 -0.48792478 -0.47722042 0.008181062 0.029991936 -0.35095766 0.39168766 0.25349703 -0.6830375 0.20142893 0.6087639 -0.31294236
44 -0.2334771 0.15769967 -0.10903138 -0.6500423 -0.2259603 -0.3343118 -0.31250837 -0.2946046 0.13709912 0.030087415 -0.16696349 -0.075633876 -0.81592286 0.36785752 0.29812953 -0.39205655
33 -0.063657224 0.27877077 -0.1095782 -0.571923 -0.3108016 -0.36749476 -0.2216409 -0.26444307 0.020582512 0.047710106 0.0020178098 -0.0242313 -0.5815988 0.34275785 0.1561281 -0.26975402
73 -0.019440155 0.672921 -0.52433103 -0.37912697 -0.5573722 -0.38171124 -0.5546179 -0.5338892 0.36181203 -0.4714325 -0.04719589 -0.025756635 -0.0053601814 0.24732313 -0.3540632 -0.030275254
74 0.083528265 0.72011596 -0.6251267 -0.34646845 -0.63423383 -0.39785206 -0.7065596 -0.53808016 0.40838432 -0.5997569 0.039353047 0.057496842 0.025389299 0.27857727 -0.39267355 0.046222143
46 -0.0437467 0.7107553 -0.7328802 -0.5839242 -0.3006298 -0.32243547 -0.73466265 -0.6475651 0.040995453 -0.7414226 -0.4168955 0.0036948738 0.27388057 0.020313619 0.121437274 -0.016418913
12 0.29655412 0.15088724 -0.16336702 -0.55212814 -0.16564764 -0.47935894 -0.4086504 0.03349972 -0.086069286 -0.20417728 0.294726 0.23325087 -0.55297 0.1923295 0.55381626 -0.33415118
45 -0.34926337 0.20259187 -0.16600284 -0.5606114 -0.26242313 -0.2908484 -0.310989 -0.3200151 0.21644232 0.0004506849 -0.22945711 -0.07585379 -0.8506775 0.3061713 0.16028786 -0.26073724
67 0.00960402 0.75709593 -0.6181778 -0.18347678 -0.5375559 -0.5163658 -0.5275674 -0.42585558 0.24259517 -0.21322216 0.17801599 0.17819549 -0.14260252 0.24743083 -0.40439188 0.23808976
5 -0.4420598 0.4463917 -0.7039028 -0.9950163 -0.057048395 -0.588921 -0.40736958 -0.06745371 -0.5436039 0.6017567 -0.112228945 0.11100396 -0.12361328 0.3375651 0.83700544 -0.9972566
4 -0.4810357 0.4969469 -0.7865744 -0.9412525 -0.048821375 -0.5537495 -0.39740813 -0.06926992 -0.54251236 0.6344975 -0.16488655 0.08522472 0.0048895907 0.30878562 0.80068874 -0.99292994
7 -0.5521879 0.5584618 -0.88127106 -0.9896861 -0.0026775487 -0.5728694 -0.44580528 -0.09291911 -0.62481564 0.6894206 -0.26295614 0.05879722 0.07433937 0.2996259 0.87780154 -1.0587549
53 0.003614313 0.5361749 -0.2535184 -0.3103306 -0.5020967 -0.39276507 -0.18504219 -0.46517575 0.137677 -0.2557598 0.05085927 0.088594295 -0.5540301 0.31239146 -0.19846484 -0.20865679
8 -0.48771334 0.55415785 -0.81329983 -0.9324726 -0.12611279 -0.5984868 -0.40451345 -0.16232382 -0.5426334 0.595571 -0.20171309 0.033636123 -0.020590525 0.36643842 0.750174 -0.9577169
0 -0.5157272 0.5949386 -0.88488567 -0.94746804 -0.1180865 -0.64112085 -0.44588947 -0.13761333 -0.5599783 0.64951485 -0.18470964 0.06383751 0.03236599 0.3821833 0.75066006 -0.9921999
6 -0.4527505 0.52430224 -0.87046766 -0.95476013 0.043915335 -0.5177418 -0.4503238 -0.014400163 -0.59228903 0.5916378 -0.17830032 0.13440868 -0.0016960627 0.29278865 0.8819511 -1.0329504
9 -0.47103596 0.54050595 -0.72305703 -1.0207387 -0.121938065 -0.57799214 -0.3911632 -0.1649408 -0.5589205 0.62734085 -0.20197473 -0.024553325 -0.048724405 0.41934302 0.7655357 -0.98159283
14 0.03621124 0.19677705 -0.098534234 -0.5931513 -0.31691277 -0.45451868 -0.18654813 -0.13967231 -0.09831164 0.15812299 0.07685539 -0.01034229 -0.46429652 0.3817286 0.3076684 -0.33426985
40 0.091741204 0.569616 -0.27356854 -0.39722055 -0.42989853 -0.29147792 -0.25085938 -0.35719052 0.107082166 -0.22321674 0.0335702 0.16465847 -0.44660163 0.25454068 -0.13290662 -0.13242301
32 -0.012519306 0.240044 -0.07544298 -0.56817067 -0.41378528 -0.46310768 -0.17532082 -0.2191738 -0.07415297 0.20468542 0.027675256 -0.08995089 -0.44637278 0.42161742 0.18844458 -0.40867335
13 -0.024221784 0.19433382 -0.0920063 -0.60776407 -0.32020468 -0.446087 -0.17668504 -0.19060344 -0.06645695 0.09320445 0.01882469 -0.022873135 -0.49639276 0.34252718 0.33374634 -0.40702048
47 -0.0677576 0.7273303 -0.79376733 -0.5721227 -0.34441262 -0.28480667 -0.75808764 -0.67336506 0.08970597 -0.73174304 -0.37125897 0.04949606 0.27420983 0.0753284 0.08692958 -0.0023710912
15 -0.08389395 0.3059946 -0.1499006 -0.5437187 -0.3513977 -0.37435412 -0.1433302 -0.2737609 0.023275135 0.123588294 0.005630781 -0.05336215 -0.4761972 0.38975278 0.10433194 -0.34737766
11 -0.021685911 0.3108444 -0.10308999 -0.548139 -0.34008867 -0.4146299 -0.19556825 -0.215837 0.0008087159 0.07698548 0.05227849 -0.06034433 -0.4989697 0.3513583 0.1490276 -0.322375
