77 16
10 -0.042040754 -0.0015676315 -0.068960294 -0.15893118 -0.13815907 0.35504428 -0.2453805 0.8745128 -0.08965379 -0.21077019 -0.21038981 0.26015905 0.15063879 0.14224176 -0.25006214 0.24096869
48 0.16787216 -0.119038686 -0.51073515 -0.53649974 -0.007450144 0.015714273 0.17255744 0.8371022 0.08884405 -0.02237898 -0.30717385 0.20526962 0.018060278 -0.5876746 -0.07892378 0.5835893
55 0.16814922 0.08618002 -0.12415665 -0.3229311 -0.05097424 0.4198057 0.19340955 0.8649911 0.32611623 -0.18501917 -0.2628774 0.08393064 -0.059754178 -0.49308482 -0.10474328 0.43842283
27 -0.21657926 0.09425098 -0.08625002 -0.121668845 -0.10727409 0.24079885 -0.043317508 0.8415651 -0.13476725 -0.20329747 -0.21128994 0.10104619 0.16809501 -0.011949746 -0.22037427 0.39628515
25 0.21635346 0.3213053 -0.1906531 -0.42785874 -0.17381215 0.22978438 0.20081975 0.9154075 0.38831905 -0.3701091 -0.25152478 0.02896894 0.111128405 -0.28409526 -0.25616387 0.29325107
23 -0.50953895 0.26187167 0.2265773 0.07428823 0.11500996 0.34966093 0.10498392 0.9267314 -0.2628541 -0.203856 -0.107333995 -0.1813575 0.10944397 -0.053861406 -0.26610133 0.65958834
1 -0.20467396 -1.0015326 -0.40089965 -0.5087149 -0.05201868 0.4969089 -0.43874684 1.1413301 -0.6929161 -0.00040894537 -0.7289695 -0.31126562 0.74223477 0.044112638 -0.64022344 -0.2078626
58 0.23299982 0.13560584 -0.27393785 -0.35388267 -0.11564234 0.25484797 0.12249769 0.91229004 0.21427587 -0.047843847 -0.22986346 0.36476663 -0.12771456 -0.36231813 -0.013328187 0.5587211
26 -0.0360406 0.12527512 0.1032434 -0.11981679 -0.06786122 0.51084554 0.023233676 0.86182725 0.23939298 -0.42614752 -0.24881342 -0.039917726 0.06919016 -0.104055606 -0.33029372 0.2435253
41 0.2275221 0.14531602 -0.30635175 -0.4057835 -0.18514602 0.24318863 0.12201934 0.88195354 0.22380787 -0.10829751 -0.35791582 0.11981572 0.101505786 -0.30753416 -0.1543913 0.2937865
62 0.30500796 -0.14129125 -0.32989657 -0.53717315 0.024246098 0.28058133 0.23320115 0.8467693 0.1361449 0.12078498 -0.49934447 0.05205833 -0.06771518 -0.6136592 0.04412839 0.49730328
64 0.3324621 -0.009190671 -0.39212555 -0.50891614 -0.07944273 0.25812277 0.24711609 0.8675497 0.19410089 0.066253886 -0.39758834 0.18619946 -0.10215946 -0.62378937 0.04200936 0.52735823
24 -0.08780111 0.3334955 -0.033302486 -0.117715135 -0.15144426 0.2929904 0.0022416192 0.9269093 0.16246562 -0.3593636 -0.13130413 0.15883692 0.08852552 -0.0076848925 -0.30578607 0.36977643
57 0.3872586 0.158516 -0.28887394 -0.51224935 -0.1033647 0.34312198 0.30957657 0.9865012 0.30071387 0.019333925 -0.43790078 0.24113984 -0.12480508 -0.59131503 0.0848746 0.57588905
65 0.30082318 0.11176792 -0.25487188 -0.41835922 -0.07322517 0.35794193 0.2766689 0.9214345 0.20814651 0.04105765 -0.38787666 0.17866421 -0.122917905 -0.567332 0.06497948 0.59976614
63 0.32753137 0.16784234 -0.26762596 -0.43232346 -0.06369431 0.30601642 0.29670322 0.88810515 0.2705859 0.0316227 -0.43214646 0.21309695 -0.14434415 -0.5765361 0.07611334 0.60716146
59 0.37959984 0.023677954 -0.3248831 -0.49834856 -0.17745946 0.34830552 0.2539826 0.8731743 0.2015781 0.054121237 -0.4126603 0.20743683 -0.06626961 -0.554706 0.08842244 0.4762576
66 0.43839318 -0.022674078 -0.36023727 -0.52359205 -0.16092 0.2571151 0.19631073 0.87574315 0.0810538 0.19870031 -0.49853638 0.31718275 -0.1054448 -0.5917757 0.13392945 0.6150036
61 0.3416502 0.1037432 -0.33299077 -0.5086956 -0.074232884 0.3002284 0.31594038 0.91579896 0.24878655 0.10151693 -0.43192753 0.19278069 -0.19886792 -0.6708522 0.12067433 0.7096592
17 -0.5790586 0.2213317 0.3645198 0.039906327 0.27527213 0.46260014 0.30960694 0.95162827 -0.2336428 -0.13407603 -0.16965614 -0.42389092 0.0006296387 -0.34436023 -0.21986087 0.9040121
70 0.026725981 0.23795882 -0.19361186 -0.23252481 -0.14966209 0.13190599 -0.008224468 0.9211566 0.055966377 -0.17487821 -0.18156196 0.28003392 0.100987464 -0.07249089 -0.20687062 0.30625382
69 -0.07268237 0.28862032 -0.12770393 -0.22647393 -0.18471467 0.21206786 0.008049644 0.9224515 0.101230636 -0.24034831 -0.14734864 0.2460885 0.14557973 0.035703473 -0.26784325 0.29546848
60 0.45463115 0.004320835 -0.38641605 -0.55657667 -0.13786602 0.29070935 0.29484603 0.89383245 0.2566608 0.09683692 -0.55227727 0.1416309 -0.10193709 -0.6947526 0.09118801 0.53790927
68 0.048581272 0.22083633 -0.17422526 -0.30018598 -0.19253497 0.19366914 -0.003838697 0.8830016 0.0784623 -0.19902351 -0.23141411 0.2002052 0.19302966 -0.116527304 -0.22828852 0.26855132
51 0.06896436 -0.00902419 0.1592584 -0.039914545 -0.0971431 0.69149834 -0.14707693 0.9066584 0.53795207 -0.60646385 -0.07497249 0.14460956 0.025464041 -0.03478297 -0.37601557 0.14836088
71 0.02610373 0.21072163 -0.15511854 -0.29222864 -0.12644587 0.23513944 0.042841166 0.8599084 0.07525623 -0.22681181 -0.19991936 0.08788217 0.15400603 -0.18068114 -0.2463939 0.30363318
29 -0.38806874 0.044835083 0.0055962848 0.14520012 0.051820565 0.3578251 -0.48439 0.9540336 -0.25394398 -0.18816553 0.16752097 0.67175406 -0.014586653 0.18879673 -0.18307427 0.6869594
76 0.35597384 0.14162742 -0.27113384 -0.43388802 -0.13456342 0.3622578 0.18743406 0.9197939 0.2350712 -0.010291323 -0.30101842 0.40280187 -0.18067023 -0.50154305 0.06598376 0.58700883
49 0.19024019 0.07272588 -0.058747757 -0.22630861 -0.11001576 0.5455129 0.019992445 0.8989518 0.5077501 -0.42629147 -0.16557772 0.12684919 0.0053125694 -0.26276508 -0.24534361 0.1921499
18 -0.75118464 0.2979418 0.46615368 0.22351144 0.39964277 0.5147304 0.20818706 1.0806262 -0.27910095 -0.1999 -0.016509341 -0.27332658 -0.03258828 -0.26726565 -0.2819537 1.0495626
75 0.12747332 0.14756587 -0.3544219 -0.41250297 -0.1687088 0.13501151 0.08196191 0.89414203 0.14859323 -0.20830642 -0.1835817 0.22179699 0.13775901 -0.18851516 -0.21120024 0.29416835
16 -0.7253347 0.3093776 0.50369096 0.18088716 0.3671768 0.54581517 0.23368566 1.034765 -0.26786283 -0.22827828 -0.086104654 -0.34859538 -0.07829308 -0.22831166 -0.2918368 1.0046638
21 -0.6705078 0.21285568 0.42062476 0.12439116 0.3721571 0.5850721 0.34587243 1.0726829 -0.21828692 -0.19181669 -0.22317357 -0.48927143 -0.026043307 -0.36560944 -0.28286323 0.99018615
20 -0.67901194 0.30949727 0.4325614 0.1335284 0.34903914 0.5581773 0.32885745 1.0369908 -0.1959161 -0.24884038 -0.17889181 -0.5122923 0.004166847 -0.31246394 -0.30466336 0.84825903
22 -0.7670661 0.267771 0.47214314 0.17719367 0.41481757 0.60734063 0.2309462 1.0654792 -0.27464905 -0.16924752 -0.09433569 -0.43779823 -0.01590095 -0.2852247 -0.27448484 1.0126888
19 -0.7086412 0.28867534 0.42706597 0.11920237 0.34764674 0.5095636 0.28662542 1.0162089 -0.29069313 -0.1512338 -0.16876814 -0.41081178 -0.037705697 -0.30884334 -0.25123778 0.9798721
35 -0.31710246 0.0013792507 -0.002369169 0.10819205 0.035866745 0.3612003 -0.4892855 0.9616312 -0.21112126 -0.20195179 0.20050512 0.73487806 0.041896105 0.20657086 -0.25031233 0.63056815
37 -0.3624567 -0.011573867 -0.09825691 0.087830044 -0.040003818 0.31615642 -0.6371346 1.0030705 -0.2753743 -0.30766153 0.23983032 0.81165254 0.12134745 0.3796739 -0.29356113 0.47199163
36 -0.08781392 -0.030652126 -0.20037168 -0.005761971 -0.022842936 0.29031762 -0.5821876 0.9805367 -0.11762467 -0.24162067 0.2555383 0.973047 -0.020146195 0.16032615 -0.18500604 0.52108264
34 -0.3136921 -0.02001461 -0.060938172 0.15224566 0.01873023 0.2997672 -0.6113674 1.0457507 -0.25506085 -0.27985674 0.3247601 0.87351865 0.0925051 0.33263457 -0.31482506 0.5230619
38 -0.27361655 -0.028817052 -0.07839672 0.08047465 -0.023596462 0.3005988 -0.5776266 0.9699724 -0.19817959 -0.24124804 0.23573959 0.8849141 0.03428466 0.27701283 -0.21636012 0.5834863
28 -0.09864305 0.3156456 -0.18498391 -0.2736692 -0.7373534 0.13352291 -0.14525154 1.0403099 -0.21182941 -0.04176852 -0.21205956 0.40125954 0.437322 0.3469147 -0.12802894 0.18273827
54 0.03460721 -0.053762216 0.016528869 -0.14998475 -0.014265167 0.56108326 -0.03972505 0.8243288 0.35497734 -0.40926465 -0.16669051 0.060819875 -0.03601391 -0.22611836 -0.29684737 0.25510272
31 -0.38361895 0.101707384 0.053016968 0.026356874 0.043871384 0.28783268 0.007862014 0.8830678 -0.1796794 -0.14555028 -0.11369832 0.09200207 0.09725986 0.016919436 -0.29153374 0.5837408
39 0.20912923 0.19833958 -0.062999964 -0.29992077 -0.16909459 0.46664307 0.080579184 0.9288815 0.61183894 -0.45515454 -0.17094855 0.14772272 0.055947542 -0.28391823 -0.27774864 0.22782259
42 0.06329072 0.40001762 -0.13122346 -0.2619058 -0.2472575 0.24310768 0.09162493 0.9539449 0.26441944 -0.28852335 -0.13414298 0.25724068 0.07173166 -0.117847286 -0.24253725 0.30513746
3 -0.3210255 -0.80764014 -0.32466477 -0.27699122 0.015383374 0.43232897 -0.4865894 0.9841079 -0.7535116 0.006250551 -0.47677797 -0.13018985 0.63139945 0.18793523 -0.4886972 -0.02948787
43 -0.21105841 0.105984494 0.03246615 -0.11989575 -0.14551076 0.32855093 -0.08627112 0.86093104 -0.06384563 -0.25106284 -0.19324496 0.05783359 0.2318898 0.01587363 -0.2786601 0.28874624
72 -0.12595202 -0.0097352285 -0.055450946 -0.1569266 -0.08835154 0.33395207 -0.11859922 0.840012 -0.08862605 -0.18317571 -0.24625339 0.039509855 0.21929802 0.018647026 -0.26491445 0.26779836
2 -0.22763754 -0.7617933 -0.24613401 -0.32988754 -0.029609561 0.4626837 -0.49181604 1.0003061 -0.6674213 -0.015137118 -0.48414484 -0.1861242 0.64888144 0.2053204 -0.5827943 -0.09456438
52 0.13205522 0.09703674 -0.028381387 -0.18571046 -0.11920485 0.4833202 0.034293536 0.9261948 0.5561924 -0.49383363 -0.15394667 0.081100784 0.10282078 -0.20608512 -0.32205164 0.22523248
50 0.14128067 0.10022389 -0.09149055 -0.2082483 -0.16217099 0.4435953 -0.0032808958 0.8781806 0.37872404 -0.40976784 -0.16550751 0.20192891 0.044712268 -0.12134456 -0.2935826 0.1635014
46 0.1298369 -0.23653567 -0.89996994 -0.7967365 0.20236011 -0.3390044 0.36426088 0.9802605 0.27024096 -0.21950237 -0.16935053 0.16307503 0.030719433 -0.943793 -0.15862605 0.7765131
74 0.49506018 -0.28646564 -0.62268656 -0.619132 -0.13920552 0.086269654 -0.0012703158 0.9248872 0.21825707 0.046657737 -0.39545092 0.2738711 0.070822 -0.6323017 -0.1981419 0.41276717
12 -0.42064065 0.1655059 0.14620991 0.05112108 0.06923029 0.40571153 -0.016842755 0.8969399 -0.21353227 -0.23394866 -0.066237755 0.010751073 0.09735315 -0.016412698 -0.27288473 0.59331954
33 -0.10960001 0.09904833 -0.09197556 -0.14425166 -0.11307164 0.28668633 -0.15510532 0.8648019 -0.060017485 -0.15549608 -0.09934773 0.38980982 0.111442134 0.018575445 -0.20323072 0.4377111
30 -0.52708596 0.2597507 0.23301254 0.1215032 0.1939503 0.36994374 -0.03195024 0.95844567 -0.2488087 -0.23441163 0.009600487 0.08990032 0.055599496 0.0060184444 -0.30985647 0.7214573
73 0.5449034 -0.39442462 -0.71831423 -0.7028856 -0.2559887 0.053480074 -0.10290285 0.8621364 0.12261582 0.16520238 -0.42905232 0.37945458 0.12142064 -0.5571711 -0.08073316 0.3646114
56 0.26556998 0.031012623 -0.17282532 -0.33647642 -0.19223922 0.4470926 0.053197976 0.8768954 0.3396358 -0.33352968 -0.27842027 0.17746815 -0.0012700266 -0.24650277 -0.18630911 0.21002373
44 -0.07079754 0.10127849 -0.19369471 -0.2732495 -0.47918606 0.20989132 -0.101482876 0.9152348 -0.15961342 -0.13572058 -0.19540794 0.27771655 0.37874526 0.22746706 -0.18740489 0.19895984
6 -0.2283644 -1.1119442 -0.50446284 -0.5136701 -0.06145813 0.5301095 -0.5588832 1.2868439 -0.88517874 0.01682263 -0.73134965 -0.31569797 0.8648826 0.18053406 -0.71930945 -0.1992835
53 0.09060713 -0.026706656 0.10023702 -0.1568396 -0.04593362 0.6833523 0.020274552 0.91543376 0.5250579 -0.5105905 -0.14302373 0.04277234 -0.006725423 -0.20566769 -0.34093854 0.24128252
4 -0.22819704 -1.031667 -0.45756003 -0.4513643 -0.036558155 0.44143787 -0.5617833 1.1707455 -0.81952345 0.020406473 -0.6601836 -0.18117899 0.7619025 0.21333008 -0.6956931 -0.17101014
67 0.34046736 0.19369346 -0.28597805 -0.49507675 -0.07028105 0.3306687 0.31661528 0.9372949 0.42829832 -0.08723541 -0.3775347 0.17198214 -0.15100941 -0.5714833 -0.015752917 0.5263031
7 -0.20062584 -0.94826394 -0.47052643 -0.45068997 -0.06357365 0.43913394 -0.54351044 1.0990967 -0.7751326 0.035934024 -0.6059858 -0.14704612 0.7185819 0.21810399 -0.5786732 -0.15714946
8 -0.18496037 -1.0034298 -0.5040356 -0.50700164 -0.08436839 0.47185978 -0.525502 1.1897637 -0.8236866 0.061858565 -0.6515801 -0.1590022 0.79187554 0.14188898 -0.603089 -0.11212558
9 -0.20928848 -1.0213193 -0.5000639 -0.46978256 -0.08573399 0.47870708 -0.6179039 1.1332902 -0.778874 0.004551319 -0.5750363 -0.10776434 0.80811155 0.26756382 -0.6613725 -0.22089347
45 -0.06484078 0.014777728 -0.18952453 -0.36842537 -0.72090226 0.22865474 -0.1410105 0.9763213 -0.27753344 -0.06474404 -0.21644339 0.22499357 0.58223784 0.33176997 -0.17240886 0.11404406
5 -0.28052038 -1.0713333 -0.481994 -0.45290738 -0.03237856 0.51390916 -0.6213131 1.2515422 -0.9429494 0.028032942 -0.6566023 -0.23357658 0.80653703 0.24852806 -0.66183615 -0.15793015
0 -0.15841118 -0.92258304 -0.47315907 -0.43699902 -0.068962246 0.4399006 -0.54379463 1.1064651 -0.72778547 0.037014525 -0.60790527 -0.16920957 0.7398803 0.20628257 -0.5897648 -0.17284773
40 0.13243598 0.29773644 -0.19489494 -0.2822413 -0.20076972 0.21889462 0.055268276 0.8806923 0.28100413 -0.3095501 -0.11982409 0.30248675 0.035373498 -0.18201534 -0.19236644 0.37401477
47 0.11673912 -0.17691378 -0.8510759 -0.8669812 0.14937359 -0.3596963 0.40123025 1.0181998 0.36115706 -0.21139239 -0.12276016 0.21236521 -0.002835381 -1.052103 -0.13971724 0.7691615
14 -0.13947225 -0.17459135 -0.092283875 -0.15754661 -0.11779352 0.33950454 -0.2527414 0.80356914 -0.2636882 -0.17693195 -0.21219027 0.19136554 0.24633925 0.13570389 -0.3301943 0.17290369
11 -0.066126585 0.0016082616 -0.14089364 -0.12135638 -0.14256196 0.26593468 -0.24859485 0.86995035 -0.1053001 -0.19629128 -0.07053193 0.42607394 0.1756428 0.07255836 -0.21869594 0.34715122
13 -0.115413174 -0.13765469 -0.16182852 -0.18260811 -0.090300806 0.31864133 -0.22727032 0.8427277 -0.17388509 -0.16173911 -0.13940705 0.2753638 0.21488856 0.028565273 -0.2937064 0.25046203
32 -0.20799248 -0.09164725 -0.05384605 -0.16789666 -0.08146391 0.3521101 -0.19316746 0.8698108 -0.17362225 -0.16882466 -0.15618445 0.09910942 0.24624462 0.12583794 -0.28063884 0.24923246
15 -0.037587613 -0.19095197 -0.18576095 -0.26323327 -0.13134511 0.27874702 -0.15979767 0.84192437 -0.17039497 -0.114573635 -0.24991024 0.13964383 0.20279357 0.0317876 -0.24737784 0.23946628
