77 16
Valjean -0.19811507 -0.067296185 -0.4979292 -0.19240166 0.093710355 0.3182566 0.15110365 -0.635689 -0.24865624 -0.398906 -0.2204977 -0.1824413 0.2901105 0.017171083 0.14836144 -0.36760214
Marius 0.12079849 0.18254317 -0.64576566 -0.23324752 0.3512654 0.24757378 -0.14643435 -0.5900987 -0.07767446 -0.29541156 -0.1992198 -0.20274803 0.34338185 0.026101775 0.22198017 -0.2436959
Enjolras 0.32379687 0.5928521 -0.653837 -0.46581787 0.4826299 -0.036824714 -0.18081962 -0.6636588 -0.2174725 -0.11004621 0.018578371 -0.35448673 0.29010195 -0.09788327 0.45584738 -0.0056853043
Courfeyrac 0.4103278 0.6138394 -0.56389564 -0.34286574 0.4824698 -0.066983074 -0.1330397 -0.6515011 -0.120470986 0.047252297 -0.13742135 -0.44859472 0.3206794 0.074968055 0.585662 0.028812366
Cosette -0.039327547 -0.04047215 -0.6418917 -0.16931997 0.07048956 0.42064887 0.056709085 -0.62370247 -0.25687894 -0.6188777 -0.21211714 -0.09046549 0.35793558 0.135581 -0.0054723476 -0.40303272
Combeferre 0.43051562 0.5509191 -0.5943384 -0.39088964 0.3994726 -0.055890515 -0.13129656 -0.63925004 -0.21809287 -0.059676822 -0.042641915 -0.4043952 0.30327997 0.108836345 0.5108106 0.02793308
Bossuet 0.347891 0.71546686 -0.5946799 -0.43961975 0.40893388 -0.117616005 -0.05833912 -0.67888016 -0.15432124 0.071028985 -0.1192987 -0.44866627 0.3534351 0.09926772 0.5341358 0.032334927
Thenardier -0.48843756 0.12618399 -0.4544457 -0.23043773 -0.0077465875 0.075453706 0.55569345 -0.6400571 -0.41456154 -0.108526744 -0.2508695 -0.29046264 0.27482304 0.3233395 0.09939275 -0.26333654
Gavroche 0.21882841 0.627988 -0.52936834 -0.51789826 0.37608436 -0.010324275 0.073432505 -0.65286636 -0.2891304 0.1868186 -0.09376096 -0.39579564 0.3617228 0.17750041 0.49655315 0.03178557
Fantine 0.13362299 -0.5121746 -0.30977422 -0.10085172 0.462923 -0.2712868 0.16047373 -0.56465507 0.032715894 -0.51379853 -0.41506696 -0.4536308 -0.17621951 0.60448927 0.27999723 -0.45176214
Javert -0.15177234 -0.038037308 -0.4545242 -0.085619554 0.21175863 0.060420867 0.22507502 -0.5253293 -0.1419829 -0.24130003 -0.3438221 -0.25355065 0.17160772 0.43590194 0.184665 -0.32254177
Joly 0.43800685 0.70463496 -0.66306746 -0.4354454 0.4941823 -0.0988115 -0.2079277 -0.6984011 -0.20674416 0.009709531 -0.04299649 -0.44553235 0.39914438 0.017472425 0.55190426 0.0772023
Bahorel 0.5494907 0.762867 -0.6684384 -0.45767674 0.47726622 -0.07738996 -0.12219224 -0.7676951 -0.19391344 -0.02241762 -0.021212168 -0.43407398 0.3788303 -0.018565658 0.62157995 0.06547748
Feuilly 0.52708375 0.5531236 -0.6105257 -0.36575198 0.5359016 -0.1397743 -0.16060042 -0.64357775 -0.0986084 -0.06447131 -0.13619708 -0.43422765 0.2745396 0.13104907 0.54962885 0.052642386
MmeThenardier -0.33303636 0.013326986 -0.44709688 -0.14853048 -0.005743794 0.11311755 0.47409213 -0.55415124 -0.17384171 -0.24334572 -0.38287625 -0.29099885 0.27712402 0.540672 0.12047158 -0.23663025
Favourite 0.49602145 -0.7659445 -0.36468652 0.04935616 0.45027733 -0.4583303 0.3119464 -0.68070114 -0.028108608 -0.96638167 -0.4947269 -0.57558435 -0.4010021 0.98386425 0.2989336 -0.3887651
Gillenormand -0.046674695 0.17999831 -0.69557583 -0.1488738 0.037245046 0.50779897 0.004153032 -0.60069954 -0.051519297 -0.48394826 -0.30397525 -0.14476763 0.48993957 0.078057274 0.029861117 -0.45071644
Myriel -0.61246884 -0.073319644 -0.38787216 -0.07917729 0.7422348 0.47424993 -0.30764925 -0.7243813 0.6058044 0.24324714 -0.7451001 -0.32958907 0.43403885 -0.2028649 0.34580916 -1.1792002
Tholomyes 0.5555213 -0.6736258 -0.40652925 0.003457468 0.52676415 -0.42922798 0.14414118 -0.6814875 0.07820298 -0.8682655 -0.5640075 -0.5479755 -0.34479636 0.98743457 0.39498144 -0.3843621
Babet -0.4733316 0.12861854 -0.36568636 -0.29105455 -0.050760675 0.07696619 0.7642119 -0.5802128 -0.4281963 0.06345198 -0.32512748 -0.39236125 0.25938338 0.5909679 0.17043164 -0.21481377
Blacheville 0.55726653 -0.5523263 -0.33513224 0.05222892 0.4662371 -0.47230428 0.18438879 -0.6076161 0.1680191 -0.736356 -0.5498276 -0.53257644 -0.28073463 0.92514753 0.3931518 -0.27586317
Zephine 0.39269376 -0.7408623 -0.36858213 0.07899125 0.49009076 -0.37262353 0.23716936 -0.646722 0.17409138 -0.86481076 -0.65146565 -0.5197614 -0.3571501 1.0778667 0.29269534 -0.464631
Dahlia 0.62852466 -0.66765195 -0.39244467 0.06629352 0.51511997 -0.48528543 0.15454707 -0.6450395 0.15789068 -0.85682386 -0.56961787 -0.5982632 -0.39182377 1.0626786 0.35038295 -0.34013757
Listolier 0.58555555 -0.7286608 -0.34925175 -0.019590143 0.56016254 -0.49218684 0.20152758 -0.6153069 0.06569378 -0.8279731 -0.47020757 -0.54841787 -0.44166213 0.951555 0.39439332 -0.38804725
Fameuil 0.59838486 -0.7645162 -0.3683185 0.13012674 0.52441 -0.49536937 0.18093708 -0.61982346 0.26919124 -0.9167785 -0.6357639 -0.58650506 -0.4094314 1.0662516 0.4117841 -0.50418323
Gueulemer -0.5010469 0.09819437 -0.4521223 -0.2658332 -0.014478536 0.12502474 0.73565555 -0.62060887 -0.42670953 0.011579495 -0.3345999 -0.3298289 0.27805865 0.57457083 0.14602295 -0.236892
MlleGillenormand 0.12380937 0.13823952 -0.6959324 -0.13985091 0.118236504 0.42579344 -0.07926599 -0.62334996 -0.032684874 -0.58896416 -0.29060665 -0.11574525 0.39353853 0.09457244 0.084605984 -0.34792876
Claquesous -0.38126707 0.25655195 -0.47064996 -0.30231345 -0.11913815 0.032270163 0.7877446 -0.5727433 -0.41191387 -0.031012842 -0.3614974 -0.36260667 0.3193396 0.6316311 0.18668635 -0.062488075
MmeMagloire -0.5808144 -0.11927334 -0.31863898 -0.07890394 0.7131332 0.3684909 -0.2036123 -0.6982125 0.4997542 0.19488475 -0.6565209 -0.35326415 0.3771936 -0.15191224 0.30779257 -1.0821052
Prouvaire 0.54729503 0.6253009 -0.653035 -0.45650738 0.5612684 -0.09966692 -0.2667302 -0.7181175 -0.24102479 -0.09117906 -0.011097169 -0.39428493 0.3452345 -0.020885205 0.530452 0.028121267
Eponine -0.23152727 0.22150561 -0.45468566 -0.23939522 0.09068849 0.05322369 0.44574854 -0.5940252 -0.25154388 -0.08816005 -0.34648177 -0.3326301 0.31795943 0.43031958 0.22324789 -0.16705693
MlleBaptistine -0.5859903 -0.2545843 -0.36596757 -0.10987299 0.7301775 0.45393082 -0.3039665 -0.68852574 0.5445093 0.13074245 -0.69340074 -0.32984298 0.2782989 -0.14399245 0.31329095 -1.1658591
Grantaire 0.49454874 0.74821 -0.6140054 -0.3995183 0.4918448 -0.076004565 -0.20405182 -0.7388609 -0.120628 0.039191753 -0.09428504 -0.48101437 0.3646728 0.014732118 0.61169124 0.074334174
Fauchelevent -0.2632282 -0.45043036 -0.5410349 -0.09925313 0.4424635 0.4107501 -0.0005455436 -0.6549379 -0.27602375 -0.35468382 -0.18288887 -0.1275733 0.05818397 -0.019829765 0.1459839 -0.79396826
Judge -0.42822015 -0.73326236 -0.4004869 -0.49729365 0.46550214 0.096007384 0.40363118 -0.8340585 -0.9023749 -0.39369255 0.2162945 -0.36151066 -0.12548733 -0.07047016 0.10972614 -0.7422302
Mabeuf 0.58489364 0.56213355 -0.65850985 -0.39944768 0.5041049 -0.10360839 -0.18450607 -0.68852746 -0.21886678 -0.21581618 -0.062327787 -0.40904003 0.30644503 0.044229757 0.5249956 0.09400858
Brujon -0.4813259 0.28635597 -0.42607385 -0.28404182 -0.07744783 0.09106218 0.80524224 -0.59802055 -0.3303946 0.031894285 -0.41870046 -0.38991588 0.358643 0.729214 0.19233108 -0.19358878
Champmathieu -0.4018263 -0.6191317 -0.3933007 -0.5440707 0.4237917 0.16432579 0.3769016 -0.7757374 -0.9056949 -0.41772076 0.34425065 -0.27419576 -0.040686935 -0.058982532 0.08010258 -0.71904385
Montparnasse -0.2554921 0.18777907 -0.3716473 -0.2429575 0.06430864 0.009418763 0.5717054 -0.5412748 -0.26450977 -0.085818246 -0.3092562 -0.38971218 0.20643646 0.57250607 0.21696492 -0.17330459
Brevet -0.341086 -0.71651244 -0.39088655 -0.60722315 0.47534096 0.09748114 0.35810277 -0.82846016 -0.9791017 -0.41708556 0.34325984 -0.30662557 -0.146872 -0.12369166 0.16943358 -0.71699876
Chenildieu -0.43690202 -0.6300454 -0.4118569 -0.57908714 0.4073993 0.244267 0.31666932 -0.86569166 -0.90561324 -0.37499148 0.31032377 -0.31982937 0.04657917 -0.1645695 0.13268718 -0.74906224
Cochepaille -0.45805103 -0.687455 -0.4404561 -0.5987774 0.41206682 0.14958276 0.42272845 -0.8480269 -0.99497706 -0.41610214 0.34038255 -0.29043448 -0.024198614 -0.11992261 0.14408553 -0.7136508
Bamatabois -0.2562786 -0.61170876 -0.33094308 -0.4063457 0.5149727 0.06605709 0.11950854 -0.67447466 -0.687796 -0.3399764 0.22282018 -0.2939752 -0.103306435 -0.07340226 0.16216195 -0.64811176
Simplice 0.042954292 -0.30892262 -0.33953297 0.019920878 0.320844 -0.049391333 0.04284706 -0.54783934 0.083607234 -0.46596643 -0.5564964 -0.3458921 0.078403324 0.5384735 0.11794216 -0.3642526
MmeHucheloup 0.37188992 0.74201024 -0.64968204 -0.5142369 0.43031782 -0.0031952492 -0.08806153 -0.7382847 -0.31547612 0.05408727 0.0075429403 -0.4396566 0.33902982 0.06800519 0.49658757 0.074122146
LtGillenormand 0.03745034 0.11978863 -0.6014747 -0.14088762 0.10846967 0.34867567 0.009239858 -0.5740956 -0.013398649 -0.44450063 -0.3641052 -0.17810509 0.42102963 0.08741469 0.1234567 -0.35532194
Woman2 -0.26372945 -0.07872909 -0.45396805 -0.3108564 0.29811555 0.2118085 0.21692236 -0.6167822 -0.30476496 -0.18791698 -0.14727925 -0.23158693 0.17664742 0.15535063 0.13543504 -0.48473802
Child2 0.4303165 0.9440305 -0.59546435 -0.8659384 0.48197925 0.41974238 -0.0028332362 -0.8961071 -0.058612887 0.24113934 -0.17212467 -0.49512827 0.3261089 0.25336197 0.6823911 0.09919494
Child1 0.39682087 0.8752441 -0.56836295 -0.86310035 0.47613105 0.4086488 0.014911872 -0.8887979 0.022252027 0.18383074 -0.15170553 -0.48079917 0.25680116 0.24910447 0.70218563 0.051760994
MotherInnocent -0.23138246 -0.45769143 -0.49768347 -0.12921672 0.41683927 0.384681 0.024227308 -0.6932678 -0.30958065 -0.3564976 -0.1764655 -0.17435509 0.054017145 0.027614629 0.14126071 -0.69655955
Toussaint -0.34171617 -0.14964162 -0.45029473 -0.30263498 0.20886011 0.29782602 0.2170213 -0.66561687 -0.34614843 -0.2584238 -0.17542975 -0.19067316 0.20393908 0.12127561 0.122062735 -0.48514023
Anzelma -0.382269 0.19089454 -0.41798154 -0.27160954 0.06179435 0.112678364 0.43851748 -0.5613987 -0.19841227 -0.04807031 -0.41021618 -0.34769088 0.3478112 0.45450738 0.19610903 -0.24579994
Marguerite 0.018682256 -0.4226855 -0.32065496 -0.07957848 0.3849186 -0.09476745 0.12434182 -0.57413673 -0.052319918 -0.46307236 -0.3282075 -0.33919904 -0.09365145 0.43521413 0.22844198 -0.46916646
Pontmercy 0.03358856 0.16365966 -0.57996625 -0.34500235 0.1410336 0.13307822 0.18595119 -0.6255238 -0.2303098 -0.31895065 -0.1795883 -0.3177743 0.30542895 0.25585255 0.2950592 -0.17754301
MmeBurgon 0.25681013 0.70332205 -0.6048636 -0.5428308 0.50865144 0.068783335 -0.11165138 -0.78456706 -0.14724809 0.22166605 -0.22505821 -0.4018461 0.345152 0.11052395 0.42632905 -0.12247812
Perpetue 0.05325803 -0.59836984 -0.3196233 0.06288946 0.41929725 -0.1530749 0.21142189 -0.63385326 0.05523431 -0.56382346 -0.6032061 -0.44523612 -0.08816051 0.7787073 0.17000897 -0.56726533
Woman1 -0.26339793 -0.26100808 -0.38726225 -0.1684682 0.26167217 0.1941898 0.190614 -0.5887309 -0.20772459 -0.30445 -0.25979218 -0.26763833 0.11755641 0.23553197 0.1738944 -0.5294824
Count -0.5292354 -0.18343164 -0.30890357 -0.060543694 0.5684331 0.37381423 -0.15710406 -0.6320522 0.34103203 0.1485858 -0.5716938 -0.29445168 0.30915657 -0.09545175 0.24077885 -0.9761733
Magnon -0.15978819 -0.032916274 -0.45189348 -0.21043369 0.20906743 0.17558435 0.22626011 -0.5906219 -0.18233775 -0.27476242 -0.3420904 -0.28325105 0.20429616 0.2853937 0.14390169 -0.38438433
MmePontmercy 0.008504412 0.2853225 -0.5685263 -0.3650328 0.19578527 0.22625268 0.060582366 -0.6877495 -0.12827225 -0.21824208 -0.21436392 -0.31317237 0.40738773 0.1546185 0.29793832 -0.24224518
MotherPlutarch 0.55024916 0.84215254 -0.76842606 -0.5426284 0.5681792 -0.033630982 -0.28014413 -0.8529514 -0.19690537 0.050643194 -0.070227064 -0.5140767 0.42059222 -0.04405086 0.622152 0.054049727
Gribier -0.17769897 -0.42215136 -0.42682564 -0.15578619 0.4154627 0.18278271 0.12864046 -0.64574724 -0.2519503 -0.31921685 -0.24146244 -0.2803277 0.02125783 0.112300396 0.17330164 -0.6228955
BaronessT -0.013098588 0.15655477 -0.50359017 -0.24027127 0.2729697 0.1613799 0.054562442 -0.6169951 -0.17089911 -0.1896189 -0.22014539 -0.2579136 0.2644187 0.14147379 0.24704634 -0.25540164
MmeDeR -0.13531467 -0.014348628 -0.4202955 -0.23848216 0.27300507 0.14243919 0.093073346 -0.54025316 -0.14056294 -0.1918578 -0.23139991 -0.26197183 0.20226747 0.15165584 0.2329568 -0.35920045
Jondrette 0.048514504 0.5942818 -0.5438046 -0.47204572 0.4821248 0.13615856 -0.021198824 -0.7996865 -0.18257321 0.19144422 -0.19569683 -0.39308295 0.36399636 0.046918076 0.35103387 -0.23387203
Napoleon -0.39069438 -0.025294833 -0.39679024 -0.19281597 0.42190295 0.34350625 -0.021200249 -0.59176415 0.08029516 0.049397536 -0.41413307 -0.30270374 0.33561727 0.034364663 0.2183539 -0.67832744
Champtercier -0.45895833 -0.08838456 -0.38232636 -0.13112439 0.44595882 0.33411285 -0.0016261069 -0.58135605 0.16085376 -0.004983741 -0.4398749 -0.26590693 0.28127283 -0.03674395 0.2194079 -0.7594167
Cravatte -0.4111673 -0.18923816 -0.35280472 -0.13746364 0.48974267 0.31128544 -0.03955767 -0.61400187 0.21464795 0.0021493933 -0.5027228 -0.26474246 0.26142347 0.07709407 0.23946624 -0.8121682
Scaufflaire 0.0017090484 0.0382755 -0.47667336 -0.30816507 0.36237985 0.075925745 0.060736027 -0.6172459 -0.20803046 -0.17924239 -0.17047861 -0.34596828 0.16800418 0.14135693 0.29185987 -0.3204555
Gervais -0.10557499 -0.0074017784 -0.4407378 -0.23274235 0.2779631 0.12424198 0.13594335 -0.5876086 -0.19060381 -0.1829759 -0.19877589 -0.31511217 0.1466631 0.21864776 0.24601462 -0.34028664
CountessDeLo -0.370663 -0.17359251 -0.31730765 -0.11292717 0.42827445 0.25764546 0.01675803 -0.58765477 0.16654441 -0.07600562 -0.47479704 -0.33620408 0.20593134 0.09145588 0.22996566 -0.7266904
MlleVaubois 0.083338946 0.09027345 -0.5091127 -0.263954 0.2764804 0.12489175 0.04799009 -0.6132368 -0.11141862 -0.298946 -0.2412081 -0.27981427 0.2167668 0.20224896 0.26937145 -0.24524468
OldMan -0.4189867 -0.10767475 -0.35706022 -0.12312658 0.4684154 0.37268457 -0.010117547 -0.60335827 0.18306243 -0.014926258 -0.5136113 -0.27409825 0.29633144 0.03768838 0.2152258 -0.791296
Labarre -0.11362107 -0.13067706 -0.37802348 -0.22668245 0.29837024 0.06792442 0.18755843 -0.60424566 -0.21294647 -0.18932632 -0.24734005 -0.26742715 0.13755643 0.22290763 0.23855582 -0.38699406
Isabeau -0.103971526 -0.08382247 -0.45724368 -0.25743794 0.28856423 0.21197066 0.103672646 -0.65053636 -0.25876167 -0.24200529 -0.16020626 -0.25560176 0.16423719 0.16841216 0.23629373 -0.43257704
Boulatruelle -0.12250264 0.042546704 -0.40334007 -0.22671078 0.295188 0.10037415 0.15225726 -0.5765447 -0.15655904 -0.18231274 -0.23268093 -0.2991158 0.16960627 0.22852018 0.23057634 -0.37063318
Geborand -0.34478962 -0.11311426 -0.3957948 -0.10994148 0.44339624 0.21348955 -0.011860611 -0.60507107 0.14778073 -0.046599697 -0.47838902 -0.32597265 0.25729877 0.06330469 0.23422839 -0.68912256
