77 16
10 -0.077383764 0.3540822 0.13361236 -0.4317035 0.5551757 -0.11949395 0.025207944 0.31653008 0.4895642 -0.34168297 -0.028975561 -0.393408 0.015447928 0.26701355 0.21694231 0.1823326
48 0.0325879 0.78864 0.29796878 0.05984174 0.02901728 -0.6073209 -0.19560097 0.19713984 0.16617873 -0.28184915 0.639264 -0.3854918 0.40306368 0.46412903 0.24181543 0.41725853
55 -0.16904682 0.71203786 0.3920531 -0.24300149 0.054158807 -0.78984743 -0.109752424 -0.055621747 -0.026486171 -0.47011447 0.38052973 0.1690411 0.4280196 0.41787854 0.5157407 0.099628665
27 0.032712724 0.584436 0.05872066 0.06423829 0.60234946 -0.3816698 -0.11008058 0.024480605 0.3508102 -0.4193988 0.06828054 -0.37447897 0.25239804 0.22545026 0.10399461 0.24786577
25 -0.12959005 0.6408821 0.11243387 0.23241837 0.6822657 -0.68598866 -0.2538158 -0.16747229 0.331646 -0.44605342 -0.057874925 -0.20516004 0.44168153 0.136005 -0.00601712 0.15344948
58 -0.07518845 0.7033461 0.16498081 -0.28466186 0.0013915324 -0.4309127 -0.07079804 0.11693459 0.10348496 -0.3943927 0.69580555 -0.24018787 0.39883986 0.4494544 0.43470347 0.5008151
23 -0.7243827 0.22125186 0.26575667 -0.53059417 0.8425635 -0.5502614 -0.2877818 0.13972235 0.23775128 -0.37876505 -0.47898304 -0.52454835 0.058699764 0.21549058 -0.26838782 -0.13259307
62 -0.0875999 0.8826212 0.21287975 -0.1552386 -0.03090094 -0.5663613 -0.11397978 0.022095835 -0.022639822 -0.4158609 0.7657054 -0.18116689 0.49451283 0.45132723 0.5068174 0.6054021
64 -0.19895677 0.73354936 0.19984439 -0.37436625 -0.07205005 -0.41102338 -0.08632745 0.047435697 -0.05685197 -0.39943948 0.6743131 -0.16935375 0.38323638 0.39807984 0.5686788 0.5360154
65 -0.20394611 0.8519168 0.3123094 -0.30255973 -0.16536997 -0.65150654 -0.15871716 -0.033248622 -0.18825138 -0.38020873 0.70242715 -0.11470473 0.5197405 0.44948432 0.5055263 0.5312996
63 -0.2325351 0.73168904 0.18717362 -0.40206185 -0.14066476 -0.49684185 -0.070089936 0.10268081 -0.045627553 -0.28029636 0.80549085 -0.26597446 0.46396706 0.68669844 0.39253014 0.48892623
61 -0.19868028 0.7316168 0.15949115 -0.34925446 -0.09691379 -0.5746957 -0.06569223 0.018029299 -0.026784131 -0.35259664 0.6939067 -0.08479718 0.49633518 0.5283437 0.4525456 0.530161
59 -0.24223004 0.82173586 0.21921697 -0.34479842 -0.19332501 -0.60772485 -0.2133258 -0.06549589 -0.2500003 -0.35065046 0.81209636 -0.17065632 0.5095917 0.40842888 0.44676605 0.6968649
1 0.29150006 0.4586299 0.5293737 -1.1014019 0.7143844 0.051760916 -0.3082197 0.5468849 0.52362025 -0.67554533 -0.23578234 -0.8828369 -0.30633768 -0.7547802 0.75482 1.0081606
68 -0.0373882 0.65843123 0.08258926 0.33755454 0.6768617 -0.66034263 -0.18803635 -0.07088451 0.44893864 -0.387469 0.061163314 -0.2413961 0.40107727 0.4084975 -0.013065753 0.0268888
69 -0.017929021 0.6895551 0.10809732 0.36582306 0.6386701 -0.7236531 -0.251388 -0.0959796 0.39789733 -0.42991182 0.03975713 -0.29087752 0.45152953 0.2185871 -0.035653252 0.12139811
66 -0.19797836 0.78790736 0.18294096 -0.2969639 -0.16858794 -0.56083316 -0.21589981 0.041986596 -0.12909326 -0.34369823 0.71618134 -0.32551703 0.47461614 0.5176201 0.38544875 0.63077945
70 -0.06945009 0.6700774 0.03730895 0.23809882 0.5451836 -0.5969017 -0.18128477 -0.08633651 0.3703028 -0.39222053 0.19548231 -0.2673278 0.4411417 0.32609355 0.026282221 0.19021982
57 0.036286023 0.9487309 0.28921017 -0.080413945 -0.08612838 -0.62824637 -0.09522812 0.02229814 -0.018651906 -0.37438822 0.8781692 -0.16415006 0.5390978 0.56273717 0.53066206 0.5911041
26 -0.2258622 0.46773463 0.3879861 -0.28294435 0.4870367 -0.69871414 -0.05070034 -0.03089924 0.23839797 -0.5453096 -0.18455985 0.20317549 0.23606476 0.19486389 0.4281831 -0.22709417
24 -0.04359765 0.65981424 0.23261967 0.26400274 0.7700046 -0.6235913 -0.19860011 -0.094227895 0.35437134 -0.42286614 -0.08160877 -0.16103716 0.29693004 0.13355589 0.051579274 0.003940721
41 0.057383556 0.68361866 0.08022145 0.1831902 0.49512783 -0.55884993 -0.14489831 -0.0598664 0.36008352 -0.4377887 0.20998302 -0.2432336 0.40725157 0.31738383 0.13669279 0.18584543
71 -0.027332304 0.633797 -0.030914618 0.25545537 0.6676982 -0.5354414 -0.16600238 -0.13400427 0.43595737 -0.43587658 0.16583547 -0.24966532 0.4282839 0.36642954 0.06208101 0.19578293
60 -0.3006114 0.7608145 0.24339026 -0.32945457 -0.103942834 -0.65200764 -0.17652877 0.011069003 -0.11859197 -0.30694607 0.6415705 -0.20850903 0.4980394 0.4886876 0.3409041 0.4956573
17 -1.0171511 0.29792652 0.5145979 -0.7236312 0.6058247 -1.0061864 -0.5127119 -0.09254155 -0.17092198 -0.3685691 -0.43679076 -0.17092614 0.3109053 0.17522214 -0.19306119 -0.17385796
29 -0.37556222 0.13190879 0.041483194 -0.8000581 0.71444815 -0.11750156 0.17379573 0.5434434 0.7749095 -0.32814774 -0.02698597 -0.44257444 -0.08396926 0.690961 0.039553806 -0.11511021
20 -1.0603919 0.23824127 0.47503102 -0.7624727 0.6118617 -0.9695183 -0.49727604 -0.06528812 -0.12514094 -0.38270533 -0.46806642 -0.34030512 0.3055777 0.18062022 -0.34025306 -0.10512981
16 -1.1776333 0.28976956 0.38712436 -0.7317058 0.8680415 -1.0373938 -0.54420894 -0.115485206 -0.05589749 -0.3622863 -0.5908833 -0.44041032 0.30165613 0.2708571 -0.48929965 -0.18847348
18 -1.1338549 0.25085577 0.5150528 -0.91819805 0.6842497 -1.0101349 -0.5526161 -0.09105268 -0.23366623 -0.36242798 -0.4754663 -0.37862486 0.23638879 0.10960097 -0.3231424 -0.05764111
22 -1.1907889 0.20495807 0.41480365 -1.0396366 0.77934164 -0.91089517 -0.5214551 -0.04513482 -0.08909145 -0.37328744 -0.6330464 -0.4118957 0.2419973 0.22785918 -0.31877995 -0.11841628
75 0.14216521 0.6718182 0.14725591 0.30716807 0.48505196 -0.6473101 -0.2824903 -0.07089045 0.31946212 -0.40092945 0.21762265 -0.33063117 0.4009922 0.23287927 0.040855307 0.33735865
19 -1.145837 0.26055956 0.4999226 -0.8818943 0.6861415 -1.0156431 -0.5583058 -0.14709032 -0.19511269 -0.42028254 -0.54200625 -0.27792782 0.33298978 0.16355348 -0.26851803 -0.12840125
49 -0.09407235 0.5344759 0.49118775 -0.3515104 0.52983534 -0.6254379 0.14970395 0.13160475 0.35418862 -0.54806805 0.02387738 0.516838 0.123646036 0.29236907 0.8170039 -0.37002808
21 -1.0855485 0.28884128 0.41937932 -0.85029167 0.69403106 -0.8526793 -0.54537153 -0.033300914 -0.1849874 -0.30354455 -0.4816122 -0.49243212 0.19778353 0.16178009 -0.36121368 0.016162151
76 -0.1829625 0.7958811 0.234935 -0.2612217 -0.08337735 -0.54510576 -0.16878286 0.0145165585 -0.04173707 -0.30586845 0.7056097 -0.32838282 0.4909784 0.55289704 0.3425851 0.57117885
35 -0.37164962 0.1567077 -0.023588035 -0.7797582 0.63430405 -0.14345694 0.19473189 0.62809825 0.8715272 -0.32945117 0.17470542 -0.47726738 -0.014333216 0.93707263 0.016262455 -0.10120438
37 -0.3302485 0.13642193 -0.0033304929 -0.7805287 0.69779783 -0.15927145 0.25428092 0.54551065 0.84855664 -0.31183276 0.06513501 -0.40473697 -0.03215861 0.88175106 0.079803795 -0.12432551
51 0.084586866 0.5895187 0.5240061 -0.34390387 0.36239147 -0.6671785 0.1284374 0.121976264 0.35902837 -0.6375813 0.10610248 0.5851567 0.15992367 0.26865953 0.9468123 -0.30714738
36 -0.22862756 0.14938512 0.028246723 -0.80417055 0.6394719 -0.1158036 0.25297567 0.6634035 0.9386618 -0.30255535 0.08495024 -0.44321787 -0.032714896 0.8348469 0.07910549 -0.14065975
38 -0.30924731 0.15900327 -0.02923154 -0.74137884 0.6516376 -0.09523687 0.30978662 0.5823852 0.9084285 -0.35743293 0.1806414 -0.38378522 0.04451063 0.94394445 0.08491847 -0.19280015
34 -0.19094121 0.19020185 -0.03847368 -0.69903594 0.6544504 -0.1663657 0.284573 0.6771889 0.99061584 -0.34120706 0.1919995 -0.4445758 0.008328307 1.0133762 0.03529252 -0.17451878
54 -0.12573694 0.546475 0.5028272 -0.4136887 0.28573114 -0.7154186 0.0029967064 0.023123538 0.16040035 -0.554563 0.035332873 0.5200984 0.19125699 0.20827252 0.7322939 -0.19875874
31 -0.49776503 0.41819087 0.20033245 -0.44261235 0.7105098 -0.3979694 -0.205498 0.014548153 0.1352378 -0.41190875 -0.4303349 -0.56518984 0.105369486 0.09461382 -0.117124505 0.053389277
28 0.0745929 0.7895979 0.31050098 0.15313032 0.79082775 0.13680474 0.040057622 0.45216015 0.3717868 -0.6649159 -0.13972901 -0.76337945 -0.11992672 0.2736484 0.013133923 -0.1291869
2 0.36930746 0.3237975 0.26563025 -0.733493 0.69182485 0.035265725 -0.020817755 0.48049462 0.7411662 -0.5790475 -0.1482687 -0.55336577 -0.18519545 -0.3333463 0.61107135 0.56953245
3 0.35329348 0.33889282 0.26685175 -0.78944373 0.665005 0.1257827 0.020751897 0.5467329 0.7282405 -0.56947905 -0.116713196 -0.61588955 -0.22886032 -0.31899488 0.63780844 0.5561874
43 -0.076537535 0.471494 0.20327562 -0.06498915 0.5052174 -0.48562375 -0.028447995 0.12852658 0.38115492 -0.38548234 0.056993343 -0.23334399 0.22591834 0.31011823 0.16737397 0.03661095
39 -0.124083415 0.60991687 0.32887578 -0.22002554 0.25656986 -0.86486256 -0.092104875 0.043799903 0.19751908 -0.5315245 0.05761624 0.31890526 0.34063643 0.3015521 0.42456332 -0.13658723
72 0.063952304 0.50020117 0.21888705 -0.23744509 0.5810868 -0.25826767 0.0018542357 0.16188765 0.4080192 -0.47816816 -0.07618135 -0.2871293 0.045786817 0.08663994 0.34267083 0.081331305
42 -0.18774353 0.7160971 0.09224919 0.39797843 0.7770712 -0.85765874 -0.13373387 -0.16312283 0.39321902 -0.50200605 0.023357201 -0.039369613 0.5069936 0.44122013 -0.029540455 -0.11937658
46 0.13276245 0.8152612 0.8122626 -0.15087627 -0.33424878 -0.95235837 -0.29032937 0.9008913 0.3000224 -0.017407548 0.9416593 -1.0959749 0.21239401 1.1048975 -0.290164 0.29514912
44 0.08201365 0.6165762 0.2585094 -0.09763144 0.6600749 0.1599431 0.0046719527 0.409928 0.3629933 -0.5792523 -0.12707107 -0.716453 -0.13344647 0.22764415 0.16049163 0.011218784
33 -0.12789436 0.3600615 0.13462897 -0.3091897 0.6475709 -0.29651856 0.034561485 0.19109441 0.5181848 -0.42967296 -0.063236885 -0.23490383 0.10124625 0.28418076 0.1739225 -0.04889201
56 -0.22075577 0.6645983 0.40019423 -0.33361876 0.28741688 -0.75167507 0.053095996 -0.028030397 0.16010186 -0.4966729 0.31116205 0.5289338 0.2807983 0.38344705 0.71492934 -0.16486107
30 -0.72095037 0.3355199 0.31443253 -0.6932459 0.6394149 -0.5266492 -0.30730549 -0.06008756 -0.032355122 -0.35493025 -0.5073736 -0.5277193 0.15869734 0.100941405 -0.1435485 0.10707793
73 0.028574243 0.9064763 0.4084515 0.17765386 0.06546973 -0.75356424 -0.32542735 0.1289471 0.22665343 -0.24974193 0.77419597 -0.33560425 0.34893733 0.6465949 0.18336831 0.3020847
74 0.14988282 0.8663614 0.43139896 0.115216896 -0.030830823 -0.74660057 -0.32931474 0.24581659 0.24634263 -0.22102323 0.9256631 -0.47752595 0.36349624 0.7184103 0.20065594 0.4594895
12 -0.43825355 0.32000795 0.22834872 -0.46604648 0.6145869 -0.40093827 -0.17194448 0.10040555 0.21662374 -0.36303592 -0.22399111 -0.31459638 0.10767366 0.23185834 0.011280612 -0.060775235
50 0.11641908 0.74296665 0.3785769 0.002816635 0.71544033 -0.5754576 -0.00532679 -0.0028047615 0.43631864 -0.5638585 0.06661311 0.26639444 0.14835869 0.10891873 0.66618764 -0.17486922
52 0.06885771 0.6889318 0.48906422 -0.2371959 0.38523576 -0.94032496 0.08010581 0.04969615 0.3443622 -0.8006706 -0.07267621 0.6434096 0.25941515 0.16335429 0.8126404 -0.37894812
47 0.5252697 1.1801142 0.89920443 0.025033737 -0.26895913 -1.0019472 -0.20028119 1.1461489 0.5430322 -0.17570916 1.3244606 -1.3436041 0.30548 1.342788 -0.11900025 0.43880045
7 0.4218678 0.5366206 0.47417104 -0.94448835 0.59973776 0.1042479 -0.25799486 0.58473974 0.500196 -0.6878794 -0.08498401 -0.88605624 -0.27987683 -0.59639746 0.7671972 1.0063379
0 0.35565093 0.4881749 0.6063472 -1.0964215 0.5477715 -0.044264615 -0.21317352 0.5672803 0.43932158 -0.7501008 -0.20423688 -0.74144036 -0.30626616 -0.6379552 0.82665944 0.92487687
5 0.37700197 0.49865183 0.5613279 -1.0501469 0.703131 0.02519874 -0.257713 0.5539139 0.55155647 -0.7636286 -0.25165594 -0.8309842 -0.36023748 -0.65201044 0.7355794 0.90624714
8 0.3926112 0.5522548 0.5891089 -1.1123377 0.6496212 0.028407045 -0.26356414 0.5949598 0.47572866 -0.7598796 -0.19113508 -0.82203776 -0.28308505 -0.65989137 0.8398672 0.99434376
4 0.23989025 0.4451384 0.59135735 -0.99715346 0.7127002 -0.101425864 -0.33027565 0.4645982 0.38732004 -0.74643373 -0.3317309 -0.81283784 -0.28821662 -0.71340674 0.7234512 0.87070644
11 -0.058668073 0.3875654 0.14293933 -0.3084556 0.46189934 -0.16858676 0.07873828 0.35209107 0.55172384 -0.41540536 0.11999968 -0.39636797 0.039466903 0.41360313 0.20982364 0.0017324113
9 0.41382912 0.45802498 0.5579474 -1.0476336 0.61115724 0.04828236 -0.17147608 0.59750724 0.54903203 -0.7817963 -0.22491911 -0.73764884 -0.3478594 -0.6024812 0.86599994 0.86942315
6 0.37865224 0.5240597 0.6030155 -1.0811629 0.71805596 -0.014571218 -0.28846684 0.53932863 0.4841145 -0.7789918 -0.33874705 -0.86815625 -0.28364536 -0.72316664 0.79713106 0.93920666
14 -0.10366486 0.3476227 0.15891035 -0.4082469 0.5549424 -0.13015774 0.0202342 0.3052035 0.4602369 -0.38364577 -0.057708584 -0.47192395 0.004199214 0.20979497 0.18462522 0.08724367
15 -0.08472646 0.40454096 0.20125768 -0.35818255 0.3236211 -0.24395241 -0.03413013 0.29236224 0.3729502 -0.37791622 0.13773641 -0.37801078 0.05786998 0.32841066 0.17279126 0.11078177
32 0.0020768228 0.39832172 0.10837731 -0.38220757 0.5234391 -0.057415865 0.073625706 0.39068758 0.55671287 -0.36514676 0.08963587 -0.5029674 0.03764009 0.31623387 0.1958494 0.1845858
13 -0.10558487 0.36142728 0.1872239 -0.3812765 0.53918535 -0.16165967 0.052411426 0.26221493 0.4580441 -0.43465814 -0.07554039 -0.3156605 0.027156312 0.2720364 0.22852033 0.028710805
40 -0.12417984 0.60665065 0.119890146 0.040350087 0.5274564 -0.6022246 -0.1298225 0.004179685 0.3645837 -0.38863605 0.13003308 -0.18116164 0.31142077 0.29131606 0.09458378 0.07883185
45 0.19366565 0.72487175 0.34191573 -0.06331845 0.8787108 0.20608574 -0.02866787 0.4365236 0.40754002 -0.67713994 -0.2528878 -0.73971665 -0.23688011 0.07362052 0.17193757 -0.021957504
53 0.0072224494 0.5226529 0.39333916 -0.2966792 0.4878761 -0.60315627 0.070655 0.117503434 0.48594192 -0.5748722 -0.0910043 0.3884322 0.0910585 0.20847087 0.7325786 -0.32606634
67 -0.016876422 0.8696094 0.33437452 -0.115544245 -0.09793548 -0.6888459 -0.20354259 0.0029017595 -0.06418378 -0.30018243 0.7528378 -0.27911296 0.4749138 0.3758192 0.44136047 0.55773443
