77 16
10 0.059748586 -0.10742109 0.22759368 -0.1324138 0.08139693 -0.32517353 -0.15237854 -0.06116797 0.032814126 0.989497 0.13234486 0.1432024 0.05932399 -0.008247325 -0.1032272 0.3727005
48 -0.24857122 0.33197016 0.7211383 -0.18001224 0.08327437 0.098275535 -0.25833082 -0.35537747 0.3070801 0.69518006 0.06499196 0.18890707 0.4525476 0.3719668 -0.20255561 0.15388131
55 -0.19037107 -0.055035405 0.27793625 -0.15513285 0.35944247 0.21399128 0.022641094 -0.57347924 0.2223645 0.95474136 -0.014125185 0.079088755 0.17331101 0.07444948 -0.37246126 0.015260715
27 0.12087129 -0.07984291 0.4446364 -0.185596 0.27944934 -0.091397226 -0.24231428 -0.36476824 0.25070456 0.7941859 0.22662656 0.020219075 0.061588224 0.02274734 -0.1546168 0.18854833
23 0.21863714 -0.55816424 0.15474603 -0.3193519 0.2573071 -0.22820391 -0.3071281 -0.4017669 0.1851392 0.9673298 0.31100115 -0.2528649 0.3150932 -0.3622413 0.14603099 -0.2781343
25 0.028558828 0.004101162 0.56156796 -0.20586124 0.32480106 0.0054700994 -0.17589739 -0.3409066 0.27419043 0.82010305 0.1372492 0.024730466 -0.018235244 0.080782525 -0.21442352 0.25705472
58 -0.32884496 0.19700198 0.5954918 -0.13098535 0.03667429 0.32728797 -0.18915886 -0.3080919 0.2964151 0.7835767 0.100015834 0.06872275 0.5583936 0.1968121 -0.2968786 -2.2636028e-05
1 -0.40666664 -0.1919999 0.025087759 -0.6575772 -0.6893336 -0.7936468 -0.23298706 0.60299057 -0.2035967 1.5296681 0.25873658 -0.17892852 0.5047399 0.051102124 -0.14419688 0.508444
41 -0.10841003 0.08779524 0.58823943 -0.24507987 0.18067405 -0.0024429401 -0.23694795 -0.29396814 0.25256208 0.77117 0.10269106 0.04625681 0.16667165 0.15532738 -0.106185116 0.17481622
26 -0.03340282 -0.1826471 0.18950053 -0.31381863 0.38307437 0.05598651 -0.043823328 -0.572294 0.25197592 0.8954176 0.07406291 -0.052284 0.102163225 -0.035558663 -0.36677068 0.054346666
62 -0.29833937 0.18124098 0.6122065 -0.1459194 0.11942188 0.32633996 -0.098820984 -0.42104575 0.28307408 0.79798114 0.0322107 0.06617822 0.50325936 0.21302217 -0.2961206 -0.057892207
64 -0.31300077 0.25943252 0.6198198 -0.056270435 0.083574116 0.33745798 -0.16884664 -0.42476982 0.29617235 0.75483686 0.050957337 0.16655701 0.6243222 0.27774578 -0.28371564 -0.010387493
24 0.012323327 -0.05574615 0.42819297 -0.31608012 0.22698471 -0.17848998 -0.13436459 -0.2295882 0.2111195 0.87878084 0.087204434 -0.052669466 -0.017679527 0.097759336 -0.24563864 0.28725997
57 -0.3408092 0.29669344 0.7649362 -0.11406862 0.083519086 0.25325316 -0.24508682 -0.2758397 0.3606089 0.7727351 0.044530742 0.16887243 0.5835809 0.2332584 -0.26204035 -0.0026319714
63 -0.3648576 0.27591214 0.675727 -0.07562737 0.13089302 0.46348897 -0.18827794 -0.4822503 0.30474365 0.7988388 0.03602803 0.16949025 0.6079434 0.2927959 -0.3461527 -0.02382807
65 -0.41251764 0.34476054 0.64769936 -0.058056332 0.016395655 0.4346467 -0.12049736 -0.44493622 0.2406763 0.8007327 0.028438374 0.22032069 0.71187824 0.27194145 -0.22577065 -0.038548943
70 -0.06362405 0.033759005 0.52514607 -0.25107226 0.09771153 -0.035121758 -0.20004389 -0.21526872 0.21646112 0.78222525 0.149118 -0.015654232 0.20890374 0.10602964 -0.125298 0.17171708
68 -0.01892559 0.1623924 0.81697387 -0.13093996 0.26960924 -0.0046397625 -0.2730343 -0.29242674 0.3485788 0.72527754 0.14228104 0.078492 0.08131023 0.21061645 -0.15866807 0.21803913
69 0.044025443 -0.02126129 0.51099646 -0.25708777 0.15805602 -0.12506479 -0.16077077 -0.20614582 0.22020061 0.7947731 0.17783774 -0.050314784 0.07379698 0.045460775 -0.2644133 0.25304967
61 -0.40632963 0.2681963 0.6536495 -0.052104395 0.113703795 0.4282689 -0.08596167 -0.43555814 0.35338113 0.7727351 0.01664458 0.18019412 0.5219323 0.3107477 -0.40646923 0.071311004
51 -0.110909425 -0.18382485 -0.026655914 -0.20364523 0.48649475 0.05499843 0.28758675 -0.70976967 0.21086997 1.0926003 -0.041848905 0.12183374 -0.051462032 0.04542036 -0.56782603 0.17152147
17 0.05374487 -0.55090743 0.07411262 -0.40110007 0.43580088 -0.020826034 -0.2749128 -0.6184387 0.30373874 0.9378934 0.32159996 -0.26956576 0.4525173 -0.35260817 0.047783785 -0.39507735
59 -0.36405978 0.2758713 0.66741914 -0.12090686 0.11665077 0.33692175 -0.11994336 -0.41547418 0.2942937 0.795778 0.031056674 0.13500741 0.47947425 0.2888397 -0.34684098 0.010501288
66 -0.5372538 0.31425935 0.6010781 -0.072391294 0.032315485 0.42508706 -0.08541696 -0.3387236 0.3188551 0.8110708 0.025218567 0.14173518 0.68324894 0.28668776 -0.4179206 -0.014273806
71 0.0682674 0.009169389 0.5905387 -0.2143771 0.17151152 -0.030724037 -0.21001725 -0.29246935 0.22685215 0.7964457 0.11691374 0.0040386887 0.12409112 0.07445608 -0.08974367 0.1389397
29 0.47639382 -0.14498323 0.33712843 0.11799802 0.08622187 -0.3338384 -0.24930814 -0.3114921 -0.08998835 1.0154665 0.23498635 0.5286903 0.19602266 -0.21082027 0.4912123 0.11937028
60 -0.37902826 0.26207224 0.6546967 -0.06054714 0.051905043 0.3936765 -0.09898457 -0.3982993 0.29401338 0.79694706 0.057427555 0.1170623 0.56097996 0.25008458 -0.38683486 0.046515804
49 -0.1441956 -0.13391672 -0.009763435 -0.14372388 0.42159382 0.08053629 0.24757278 -0.71799 0.1414159 1.0677217 -0.105016954 0.095538765 -0.044436425 0.06704473 -0.6266167 0.1960254
75 -0.10568134 0.08958426 0.67590463 -0.2346075 0.28121978 0.040633727 -0.2006439 -0.33687058 0.33988434 0.76914513 0.03604934 0.03211397 0.09208524 0.23461099 -0.26124462 0.21284744
76 -0.3889108 0.3452665 0.72332823 -0.0006842676 0.11944221 0.45966095 -0.09742001 -0.45149887 0.28775993 0.8329641 0.058824908 0.18583752 0.61370206 0.33011702 -0.26992986 -0.0243544
21 0.2731322 -0.7458731 -0.034828868 -0.5026177 0.4338134 -0.18133263 -0.39770782 -0.646407 0.31488034 1.042375 0.47649014 -0.3521306 0.43244424 -0.56908625 0.22599377 -0.50414634
22 0.10300089 -0.6965922 0.044065706 -0.524097 0.44004533 -0.10044656 -0.39906457 -0.64104956 0.31983885 1.0068847 0.3842147 -0.4025044 0.5225148 -0.41128016 0.14811425 -0.51175576
35 0.5448216 -0.089361675 0.3082125 0.09083716 0.06556841 -0.38081884 -0.30216393 -0.34245226 -0.0890828 1.0970079 0.16973397 0.5955058 0.2573717 -0.21612032 0.5833113 0.12910786
37 0.53724813 0.015852053 0.47407463 0.18338686 0.032765374 -0.34906122 -0.254923 -0.2789268 -0.09506742 1.0996748 0.15774427 0.6880209 0.17475913 -0.16689412 0.5838185 0.20088272
16 0.006760595 -0.7006629 0.0032679602 -0.5632968 0.4297526 -0.081937455 -0.35286447 -0.5739856 0.29168436 1.0127559 0.3368543 -0.3989861 0.5097765 -0.39347816 0.10284778 -0.5367296
18 0.28625548 -0.8127238 -0.061889056 -0.5567161 0.28328067 -0.2895675 -0.42446494 -0.48057592 0.21412416 1.0768759 0.52163583 -0.41529536 0.49839842 -0.5930232 0.2908906 -0.48293772
19 0.10411424 -0.704544 -0.022804728 -0.46718466 0.37048203 -0.06579451 -0.32992032 -0.6192431 0.31002542 1.034613 0.37177634 -0.3624307 0.523034 -0.41037098 0.17364706 -0.51903605
20 0.14277975 -0.6528028 0.0979182 -0.4635811 0.42156163 -0.0727571 -0.30374572 -0.6323758 0.37065142 0.9461269 0.41889155 -0.3432799 0.50775 -0.4394881 0.15357968 -0.5173513
36 0.49251455 -0.02625928 0.3852031 0.18741696 0.066211 -0.3287042 -0.1974003 -0.35662737 -0.108926155 1.0890728 0.15110102 0.66004604 0.22487593 -0.14033821 0.5084756 0.17212911
38 0.39779958 -0.048437066 0.3283817 0.13150617 0.031076103 -0.31287777 -0.19686112 -0.31628063 -0.14503506 1.1154839 0.17854677 0.5841447 0.30091128 -0.16034229 0.4685458 0.071761124
34 0.41469184 -0.0559427 0.32516465 0.10238521 0.00087295147 -0.3816163 -0.24446079 -0.23069395 -0.13716371 1.0613738 0.15667231 0.5943666 0.22180657 -0.19993661 0.5142838 0.18181558
31 0.24021657 -0.26133898 0.313944 -0.1754443 0.19179063 -0.25795877 -0.3617513 -0.30157068 0.15138571 0.89940095 0.31421348 0.029105686 0.20887835 -0.17102373 0.17370926 0.004157514
28 0.70493966 -0.09685736 0.4593932 -0.043036167 0.0676171 -0.5647558 -0.41488 -0.3523578 0.014219305 0.99389154 0.57853 0.2315705 -0.23028918 -0.24440698 0.003243934 0.6495815
54 -0.1433382 -0.20203172 -0.020844651 -0.18867485 0.3810591 -0.0067009935 0.1471857 -0.6170026 0.19114456 1.0182341 -0.059119694 0.09033562 -0.010012909 0.02763331 -0.53227025 0.21452957
39 -0.18235132 -0.05773557 0.27011207 -0.30090466 0.43836084 0.14338924 0.15064962 -0.66745394 0.30508348 0.94384766 0.024801878 0.007667939 0.0076214923 0.11509789 -0.5297115 0.14027248
3 -0.23956734 -0.09538114 0.026955316 -0.51239103 -0.5019807 -0.72246194 -0.23174365 0.47776613 -0.08761106 1.3070271 0.18065457 -0.027878048 0.40781766 0.062951535 -0.11936962 0.5445251
2 -0.1847107 0.040372342 0.19581278 -0.35561013 -0.51087046 -0.60488635 -0.17471042 0.447899 -0.18509653 1.1826682 0.15528484 0.07556075 0.44485536 0.054830328 -0.06390673 0.51046187
72 0.18241276 -0.065663144 0.39993048 -0.18047526 0.18893282 -0.1613767 -0.13775592 -0.32658684 0.16559957 0.87960863 0.19961989 0.057309773 0.024234472 -0.05581724 -0.14354691 0.2386234
42 -0.23524252 0.026995767 0.5018187 -0.34137672 0.15526624 -0.0064112167 -0.1444386 -0.16301079 0.2650953 0.80450845 0.12510248 -0.13112777 0.19380441 0.11043658 -0.32623976 0.13680054
52 -0.16373934 -0.22261265 0.043126512 -0.2917013 0.4997907 0.102235325 0.15810448 -0.7507026 0.2721607 1.0228289 -0.0006219618 -0.008563083 0.0029135002 0.09249702 -0.54540426 0.111799695
43 0.0055101435 -0.07995236 0.27457422 -0.1766708 0.08417574 -0.118210636 -0.12136887 -0.25208208 0.065267 0.92773336 0.15348943 0.047868453 0.16584608 -0.041308593 -0.17659348 0.21258178
30 0.22294605 -0.4255202 0.30286548 -0.21032631 0.30406728 -0.22039568 -0.38632923 -0.38635638 0.26206735 0.8698621 0.32529068 -0.14583404 0.29144248 -0.20714599 0.1812032 -0.18191709
50 0.05805664 -0.0924083 0.2669402 -0.12439986 0.3618724 -0.023024729 -0.07588914 -0.5520356 0.21994893 0.9603698 0.055071626 0.12763864 -0.025691986 0.057903897 -0.30545372 0.21533403
56 -0.1920368 -0.20291623 0.079881646 -0.22959118 0.505919 0.19113104 0.145244 -0.69027084 0.3037666 0.9978078 -0.04935843 -0.00049039896 0.028754681 0.06781963 -0.6079703 0.047894582
46 -0.27066815 0.51467955 0.74081355 -0.09120298 0.1171072 -0.21531889 -0.4549468 -0.48779336 0.530606 0.5905067 0.12776689 0.5394506 0.45728377 0.7955632 -0.086906016 0.591153
74 -0.10643593 0.32975847 0.87082684 -0.16273242 0.0981728 0.15601589 -0.40351856 -0.37532008 0.42537722 0.66491634 0.07971163 0.38598824 0.49840352 0.4165842 0.023787986 0.038978886
12 0.1049719 -0.3036346 0.106445625 -0.23305099 0.1171372 -0.34558994 -0.22743508 -0.25911796 0.104429334 0.9811994 0.28696677 -0.08059388 0.26178777 -0.19734755 0.054304168 -0.0037831657
33 0.1016957 0.083305605 0.5285512 -0.0912828 0.13094167 -0.1832354 -0.22041795 -0.26899043 0.16675037 0.8021075 0.21344209 0.20475408 0.12407597 0.10233564 -0.06386374 0.3234354
44 0.5512719 0.0058676065 0.43948984 0.061194796 0.07823314 -0.49059543 -0.2042168 -0.32194453 -0.0001747139 0.994943 0.44305944 0.3487339 -0.15841077 -0.1910737 -0.013211509 0.5631108
73 -0.18700996 0.5262872 0.9270722 -0.13735227 0.062220562 0.17414276 -0.387801 -0.45318133 0.3895133 0.63540196 0.064599216 0.5049344 0.49587008 0.49153876 -0.08609326 0.16280341
53 -0.20153166 -0.28037488 -0.065595224 -0.28489003 0.5276757 0.020662416 0.23715453 -0.7152777 0.2539054 1.0801445 -0.03671101 -0.04488395 -0.02801964 -0.044918712 -0.5564626 0.1288556
45 0.5693924 -0.026754564 0.49773148 0.030573063 0.08906723 -0.5711847 -0.28166062 -0.384678 0.07747722 0.9694256 0.50793463 0.26922795 -0.25323942 -0.1764439 -0.056279443 0.6768515
9 -0.37199846 0.05203233 0.14085834 -0.5412445 -0.7085818 -0.75061595 -0.24290569 0.63893104 -0.18439463 1.386004 0.19391876 -0.027171003 0.5828594 0.11471183 -0.16018356 0.6698676
67 -0.43440035 0.18523118 0.6391572 -0.27581155 0.2568236 0.36412567 -0.11448256 -0.43242937 0.4191875 0.7429885 0.0013759255 0.038247723 0.53421384 0.3004851 -0.41757065 -0.0082603125
6 -0.43393305 -0.06984104 0.060911976 -0.6356958 -0.73012936 -0.7718663 -0.26915425 0.7083331 -0.14261001 1.4956071 0.18621804 -0.13035364 0.6317931 0.09631558 -0.16578141 0.6363929
8 -0.36663622 -0.12286061 0.016526172 -0.6642581 -0.6509612 -0.81668246 -0.24237974 0.63411885 -0.14250927 1.4759433 0.21212694 -0.1605009 0.6683625 0.015604541 -0.13998337 0.57325995
5 -0.28816864 -0.042025413 0.07646389 -0.58388394 -0.7395032 -0.7873008 -0.2635838 0.6294108 -0.22279239 1.5569971 0.19556688 0.0032973173 0.6255357 0.019755691 -0.1012875 0.6161755
7 -0.41594422 -0.09832859 0.08312774 -0.63962287 -0.71458393 -0.8260368 -0.24281578 0.6719178 -0.1732922 1.5279884 0.21349372 -0.12700613 0.59341383 0.121532306 -0.21593894 0.6236843
4 -0.27595478 -0.16369241 -0.033755694 -0.62384486 -0.721052 -0.92232555 -0.21953323 0.72747344 -0.22414064 1.5154043 0.20881057 -0.06364383 0.5043419 -0.017748319 -0.040026218 0.6381854
0 -0.2743908 -0.1135269 0.07326759 -0.5508901 -0.67385703 -0.8554139 -0.23000541 0.6330617 -0.22442576 1.5336093 0.23292293 -0.042130757 0.58900523 -0.013062017 -0.046060495 0.63280946
13 0.033583645 -0.05169645 0.20625065 -0.19120885 -0.01963598 -0.3657091 -0.09913374 -0.106931895 -0.013884946 0.98401725 0.11333826 0.12386305 0.15852931 -0.03623966 -0.099558376 0.29729548
47 -0.19032425 0.57180166 0.7939496 -0.071246006 0.16541645 -0.22666301 -0.4366137 -0.4888544 0.4248659 0.6297422 0.102505155 0.60461295 0.42122492 0.78562444 -0.12556975 0.6725817
11 0.17605422 -0.07235289 0.32649142 -0.035782885 0.02058615 -0.26032558 -0.16050702 -0.17487614 0.021410864 0.9725266 0.13460061 0.2680893 0.18353043 -0.051616393 0.08119231 0.19160773
40 0.0018776043 -0.038247336 0.5178259 -0.25301108 0.19568683 0.002448591 -0.15065837 -0.36449897 0.197951 0.83565784 0.14186889 0.030015813 0.15335025 0.01843711 -0.11741424 0.053625565
32 0.3190681 -0.1471138 0.35853213 -0.07190545 0.12252318 -0.33874786 -0.24522859 -0.27836102 0.028177684 0.98032016 0.20174913 0.23712976 0.1321921 -0.20765501 0.16173391 0.20455839
14 0.17972204 -0.11390345 0.24953339 -0.061202955 0.0689539 -0.2762087 -0.1362124 -0.30599517 0.050084144 0.9848908 0.16118781 0.21724406 0.13954401 -0.17204422 0.0651827 0.12937762
15 -0.0857912 0.03904803 0.337848 -0.0961311 0.034637723 -0.12050244 -0.16236827 -0.21248019 0.08763149 0.89153385 0.12290196 0.115480036 0.25507802 0.05679225 -0.12642312 0.17341657
