77 16
61 0.42002302 0.6041385 -0.045547605 0.60052353 0.23670255 -0.12773943 0.3601048 -0.91784716 0.74291366 -0.7152263 0.95032835 -0.17623843 -0.82150185 0.08642381 -0.58474886 0.7831889
2 -0.9179753 -0.16651349 -0.70470905 -0.741699 1.7377849 0.013256277 0.47255158 0.56341755 0.38641244 -1.0304481 1.8969274 0.7365461 0.24947676 0.89209026 0.32702982 -0.5267028
3 -0.8629051 -0.20309569 -0.69861925 -0.73455995 1.795416 -0.16052544 0.50580853 0.51681423 0.41694197 -0.831009 1.9129027 0.92730844 0.24715246 0.92794436 0.3092591 -0.59946126
63 0.39869556 0.6767744 -0.09454154 0.6185439 0.2523989 -0.23487224 0.42422098 -0.83859366 0.8010477 -0.64617264 0.9338887 -0.24140619 -0.83155924 0.12151351 -0.5115396 0.7924618
18 0.51325136 0.41753042 0.4060226 -0.43900266 0.2293669 -0.32455835 -0.8990406 0.34636065 2.1414218 0.19848081 0.4752816 0.20384304 -0.9285101 -0.22391877 0.5543102 0.64925617
68 -0.24301587 -0.023754075 0.02489536 0.060319137 0.23016326 -0.037492115 -0.13006759 -1.0817009 0.5117622 0.24031878 0.70695657 -0.017770449 -1.1036799 0.7834751 -0.5539335 0.9459104
16 0.4959797 0.3685617 0.3899556 -0.5183135 0.26446646 -0.26457345 -1.0213394 0.42650586 2.2049696 0.20487311 0.5413797 0.12552248 -0.88037914 -0.2180488 0.5313764 0.67823815
19 0.46448588 0.36875 0.24420688 -0.46010286 0.25444284 -0.2864694 -0.89357036 0.36798733 2.2349257 0.1699517 0.4503947 0.07922191 -0.9720311 -0.21940157 0.62591046 0.6184617
5 0.3373026 -1.1405969 1.3889874 -1.484388 0.8274282 -1.1837832 1.0894336 0.30843258 0.053706124 -0.021133909 1.2507837 -0.9695744 -0.38254884 -0.94969225 -0.2195345 0.07382511
9 0.35031915 -1.1319776 1.3661448 -1.4907113 1.0149705 -1.2461987 1.0430597 0.3083448 0.05651026 0.16924578 1.2546016 -0.89244497 -0.3947734 -1.1009716 -0.15435255 0.17148791
4 0.4408399 -1.0717303 1.4320084 -1.6344339 0.8538064 -1.1345232 0.9244417 0.32093045 0.056404058 0.08563006 1.4161141 -1.0103084 -0.24722415 -0.9274548 -0.2547681 0.08974594
6 0.39704257 -1.0421298 1.526888 -1.6288477 0.943216 -1.1835638 1.0811707 0.13509516 0.05235894 0.022974456 1.3028144 -0.8520789 -0.25855553 -1.1369299 -0.13396579 0.22283424
8 0.4103085 -1.3137056 1.4747992 -1.4906825 0.8507176 -1.2336093 1.0163785 0.21565546 0.116863534 -0.0027606399 1.2529769 -0.9038723 -0.4095336 -0.92173356 -0.066034734 -0.008120652
7 0.45208225 -1.1263944 1.2946391 -1.4432758 0.9008806 -1.3452305 1.0314106 0.39302385 0.032775942 0.06650085 1.3623387 -1.1243867 -0.33656037 -0.95665854 -0.076477416 0.29399252
0 0.30183545 -1.0020442 1.3605727 -1.6249192 0.87905973 -1.1981982 1.1408044 0.37387553 0.121178195 0.08376114 1.2937685 -0.86248326 -0.47419292 -1.2170806 -0.29813692 -0.045301728
70 -0.34801045 -0.008832106 -0.058822915 0.09679679 0.21685506 -0.12419043 -0.10324756 -1.156528 0.56014866 0.15415908 0.69459635 -0.061279155 -1.2598966 0.6981286 -0.51388574 0.954483
20 0.45794502 0.3861362 0.27385646 -0.533889 0.26962262 -0.39765772 -0.9270129 0.33800632 2.1867287 0.2043597 0.3978702 0.10382535 -1.0459485 -0.1558207 0.5115257 0.5740296
36 -1.3414164 0.27812672 0.65741986 -0.14111985 -0.017743075 0.61430883 0.71132684 -0.23933834 2.5234158 -0.1621862 0.41512695 -0.56669533 0.10318351 0.3725806 -0.19837615 0.8275171
34 -1.4219326 0.27062783 0.47689754 -0.09926529 0.03535598 0.49132153 0.6894372 -0.07265008 2.4456286 0.002956475 0.33739766 -0.57674414 -0.1721783 0.29769856 -0.033190235 0.8762906
38 -1.3958684 0.30028886 0.67902285 -0.14074288 0.11001945 0.6409645 0.7205149 -0.20567639 2.4417999 0.17598455 0.32325792 -0.42507544 -0.15942024 0.3942198 -0.26205316 0.8505536
35 -1.3184286 0.115396395 0.69626194 -0.032486163 0.029936053 0.59992635 0.7500447 -0.1342799 2.475643 -0.007676821 0.34426227 -0.3761119 -0.064687625 0.45925665 -0.04435322 0.90695834
62 0.4510066 0.28572312 0.1316405 0.5949473 0.2798341 -0.0073884297 0.17265627 -0.68535894 0.8206174 -0.45116216 0.8609077 -0.14709753 -0.9143244 0.29004258 -0.8234525 0.65703803
69 -0.30746955 -0.13343269 -0.07202663 0.06381186 0.24251871 -0.02683124 -0.16446052 -1.0210959 0.6075238 0.11650075 0.5789065 -0.013736262 -1.1292716 0.6634075 -0.476435 1.0241088
43 -0.97117454 -0.055014685 -0.7485526 -0.85592973 1.8437065 -0.15489823 0.5062812 0.1863765 0.22433925 -0.85932684 1.9086623 1.0314219 0.17775701 0.82552105 0.4046767 -0.41655236
33 -0.79613066 -0.14890511 -0.69874704 -0.81806004 1.7602876 -0.3509988 0.3883037 0.2698319 0.29886964 -1.0742557 1.9671723 0.769609 0.38942745 1.0462723 0.562103 -0.44290504
64 -0.30942386 0.23659512 -0.06620309 0.15497282 0.2291985 -0.31191546 0.06530018 -1.1152377 0.54353046 0.27960625 0.71849906 -0.10672027 -1.2746714 0.5694495 -0.4581622 0.8147811
13 -1.314515 -0.7777543 0.38098115 -1.8834076 0.03646308 -0.0863159 -0.21370207 -0.5402455 0.47277385 0.06119347 1.6305608 -1.7046024 -0.4566792 -0.5812026 0.5633769 -1.5949868
44 -0.8032005 0.07525038 -0.8102451 -0.8545409 1.7065036 -0.003728012 0.49454644 0.7391817 0.30017883 -0.5729396 2.0825605 0.5208867 0.3797881 0.88585335 0.17773667 -0.44025373
15 -1.0994927 -0.98878825 0.2638271 -1.750291 0.04008055 -0.30270907 -0.03722588 -0.54567474 0.446574 0.12035586 1.5715677 -1.8638641 -0.42622203 -0.5775725 0.6365024 -1.4783525
11 -1.2835724 -0.94167495 0.40512308 -1.8642651 0.06984214 -0.24823815 -0.2609339 -0.74873364 0.39053327 0.023209991 1.6542906 -1.7638781 -0.33897626 -0.46849382 0.7612273 -1.4319358
14 -1.3430159 -0.7720655 0.35747105 -1.9485949 -0.16724214 -0.1479622 -0.11135407 -0.72566724 0.47446674 0.07967185 1.7006487 -1.5762583 -0.397859 -0.46261814 0.66275954 -1.6035086
32 -1.1769031 -0.9703985 0.3131866 -1.879282 0.01201805 -0.20991509 -0.12177797 -0.60738623 0.45936602 0.059660107 1.6602184 -1.6509572 -0.40338513 -0.52801085 0.5858166 -1.5560797
30 0.68966264 -0.07085112 -0.2885674 -0.85275364 2.2272189 -0.007336234 0.9297013 -0.35432997 0.8857385 0.0012076087 1.123484 0.74892384 0.15982127 0.6533742 0.79314494 -0.9648245
59 0.23333555 0.19510822 -0.06312345 0.48081717 0.112895906 0.18745008 0.25958988 -0.68201154 0.76019496 -0.39037997 0.81211764 -0.11805627 -1.056251 0.12615699 -0.51455104 0.9388745
65 0.41507772 0.5294658 -0.10810979 0.5441073 0.111221105 -0.10033283 0.39473948 -0.9080556 0.7510936 -0.4387639 0.9912767 -0.18793443 -0.91189975 0.10124662 -0.49901313 0.75449955
66 0.36380184 0.46727508 0.077880636 0.64098585 0.2040232 -0.14177582 0.28683996 -0.83374536 0.81146127 -0.64369744 0.84408605 -0.22958934 -0.8574082 0.21812178 -0.50194794 0.69868755
73 0.74976283 -0.018039687 -0.43549845 -0.92955077 2.1151226 0.048454434 1.0084251 -0.2544663 0.8100121 0.0645261 1.181348 0.68961465 -0.038125973 0.6359875 0.9510965 -1.0030744
40 -0.869172 -0.15942438 1.8545657 -0.5597525 -0.1998409 -0.29024142 0.9864842 0.73083746 -0.18718173 0.30113694 1.9723712 -0.7936881 -0.48698756 -0.3905917 0.8298647 -0.5566063
42 -0.84972495 -0.12579186 1.8690437 -0.57890123 -0.35902494 -0.43166026 1.0467222 0.6719609 -0.11211925 0.07354354 2.0494547 -0.882877 -0.3328588 -0.3440661 1.0363739 -0.7183521
26 -0.37407103 -0.55514914 -0.24005908 0.84336025 0.060836054 -0.38023016 0.056050114 -0.87291557 0.66877353 0.46680543 0.9141622 -0.27342552 -1.2617174 0.6230671 -0.3589668 0.46017292
22 0.6342364 0.41850695 0.27082357 -0.6203522 0.22918487 -0.40779474 -0.9664246 0.38535017 2.2537782 0.15165965 0.5094526 -0.056502126 -0.6386331 0.042249646 0.4809378 0.69161355
58 -0.26527402 0.017772889 -0.16606565 0.059729967 0.14282086 -0.376038 -0.093027644 -1.1550561 0.6505713 0.29279292 0.6677738 -0.19956328 -0.95491874 0.85303396 -0.48813394 0.80486727
41 0.032366145 -0.11772525 -0.0657531 -0.13639624 0.014278565 0.4012268 -0.029626476 -0.26966584 0.8006145 0.05467815 0.41313058 -0.093998276 -1.2719542 0.6906464 -0.6383168 0.7050867
75 0.27044094 -0.20072544 -0.05298128 -0.7170717 -0.6055368 0.33708367 0.22684218 0.007202265 1.1637785 -0.47595125 0.22191791 0.19403945 -1.5253865 0.7567147 -0.38462743 0.84923685
24 -0.38232335 -0.62221646 -0.033423387 0.86210364 -0.03818805 -0.5206102 0.109201446 -0.8895099 0.6532725 0.4345071 0.9976692 -0.29895878 -1.0725385 0.8948407 -0.2709721 0.56648576
12 -0.844553 0.008570476 -0.6639418 -0.89315075 1.6722678 -0.29569218 0.57736325 0.22428155 0.23574014 -0.8909359 1.924987 1.0008643 0.25868273 0.9353431 0.48138407 -0.42445168
37 -1.2023296 0.34054786 0.64681417 -0.18944526 -0.17929368 0.26186582 0.70078486 -0.2682521 2.2693563 -0.08277614 0.320293 -0.34342527 -0.078235045 0.49818206 0.13789618 0.81686157
76 0.481755 -0.26342776 -0.20825817 -0.8891684 -0.7133005 0.5696309 0.09000843 0.18104964 1.2076881 -0.32170537 0.39439723 0.035147406 -1.5712838 0.8599985 -0.3977153 0.97397536
25 -0.152475 -0.2552769 -0.17973119 0.47093198 -0.66783327 -0.602886 0.109752 -1.3692787 0.8824661 0.39437377 1.9218988 0.53596145 -0.45146388 -0.4663725 -1.0325795 0.33282375
52 0.60129434 -0.10908159 -0.33984447 -0.91206825 2.2309306 0.0706486 0.74466246 -0.3930433 0.75264657 0.0075728395 1.170666 0.61549383 0.23976485 0.74546397 0.8015179 -0.86469775
55 -0.03635394 -0.18234554 -0.14832209 0.51901335 -0.7529838 -0.9229716 0.17960098 -1.2646168 0.87923276 0.22911654 1.7130444 0.51641804 -0.60095954 -0.19946985 -0.87012935 0.18693212
17 -0.015287119 -0.24227071 -0.08088842 0.4920792 0.017400552 0.02952524 0.0434087 -0.4608352 0.7321075 -0.20321693 0.6060304 -0.29945117 -1.1252369 0.47148934 -0.34505236 0.7403555
28 -0.611043 -0.2602451 -0.83705753 -0.75814575 1.6278731 0.160816 0.5590085 0.8301396 0.5167346 -0.8480976 1.9773448 0.66590184 0.34389356 0.6772867 0.27065668 -0.6178075
72 -0.68571126 -0.16903545 -0.74225515 -0.8087695 1.6735098 -0.21345136 0.536318 -0.00096327334 0.1845309 -0.72594106 1.8199666 0.93404424 0.25714505 1.0178158 0.7189244 -0.2840756
27 -0.17149019 -0.14884244 -0.31851104 0.5295599 -0.5734841 -0.7920421 0.2723227 -1.1076087 0.7227333 0.44548452 1.5051779 0.14253013 -0.6969078 0.013019594 -0.81399316 0.3974116
50 0.64696926 0.0183654 -0.39066568 -1.0275248 2.182534 0.085946284 0.7724883 -0.2838301 0.72629 0.05220898 1.2287261 0.58388233 0.34002957 0.8233087 0.6631439 -0.76783675
57 0.2731872 0.24078585 -0.3401084 0.5082628 -0.025807949 -0.18454824 0.49689218 -0.9922673 0.5539875 -0.25014558 1.143601 -0.28357294 -0.570886 0.007809129 -0.4587189 0.80785936
10 0.055479407 -0.3937743 -0.09124256 0.3691344 -0.9049752 -0.8469656 0.21839394 -1.4520518 1.0224477 0.13451323 1.7478203 0.7352852 -0.44215485 -0.45581397 -1.1399173 0.11114984
48 0.23129898 0.49424243 -0.49360272 0.16590342 -0.3881065 -0.21016394 0.40971416 -0.8033376 0.5004995 0.5540413 1.431414 -0.24523345 -0.84522754 0.2562197 -0.6345976 0.5821139
39 0.12748615 -0.35805297 -0.49939933 -0.9384986 1.5363992 0.04444396 0.8231466 -0.02188339 0.52277577 -0.2980319 1.3233714 0.9232146 0.4591598 0.9246162 0.76971906 -0.28925207
31 0.001652672 -0.24423257 -0.55994254 -0.8092401 1.5545897 -0.06354115 0.7259046 -0.29235524 0.42598763 -0.26465845 1.4906842 0.7103426 0.69063336 0.644888 1.0557781 -0.1838897
71 -0.029894015 0.025608245 0.15150234 -0.52942497 -0.59572554 0.2160912 0.21372364 -0.12228901 1.1925272 -0.43538317 0.1684706 -0.23511274 -0.7080821 0.83868116 -0.023729451 0.84959877
54 -0.094219804 -0.03169387 -0.6564793 -1.1125017 1.4547628 0.059346497 0.88559884 -0.12729406 0.6200425 -0.74878055 1.3835237 1.0142267 0.5913382 0.9449011 0.33988568 -0.45068645
29 0.28099743 0.3182644 0.089264914 -0.51849264 -0.2596332 -0.3439848 -0.20017211 0.023053993 1.9134958 0.21572281 0.37161985 -0.2297335 -0.09107517 0.44135273 0.7346511 0.84915215
23 0.26518932 0.16755216 -0.5924628 0.37897003 -0.4767763 -0.5424323 0.6101382 -1.0806801 0.73735446 0.0808546 1.1769878 -0.4216959 -0.6712997 0.26672274 -0.32038024 0.37208328
1 0.15196057 0.075890265 -0.18293338 0.41986582 -0.20883992 -0.1969055 0.3003807 -0.81831485 0.597385 0.2362347 1.2005856 -0.06465429 -0.70042 0.2515672 -0.62845683 0.49964625
56 -0.42418826 -0.36657643 1.579426 -0.5361278 0.18864998 -0.55844903 0.93745285 0.30434844 0.08007334 0.1010492 1.2772846 -0.79483277 -0.27898425 -0.39778018 0.42161903 -0.77251345
67 -0.2657136 -0.56371367 1.1432252 -0.98916876 0.12137992 -0.7199607 0.66792744 0.23354296 0.13398959 0.015080364 1.2322813 -0.9705011 -0.09608307 -0.32352242 0.10096707 -0.786277
60 0.18962961 0.40321448 0.38908 -0.47827056 -0.113056585 0.01022709 -0.2691557 0.3321994 1.6655895 0.28447497 0.5639622 -0.5006375 0.19438267 0.69353217 0.17398086 0.84918404
51 0.10283201 -0.010007996 0.18783657 -0.31015292 -0.24183525 0.29844552 0.10596994 0.19344288 1.3238397 0.0011515238 0.24935472 -0.0013770136 -0.6336761 0.4601294 0.11416094 0.6489418
49 -0.15740101 0.3050284 0.2909594 -0.59717286 -0.28233308 0.16345283 0.2075266 0.101231016 1.3715587 0.1563897 0.37196207 -0.37549847 0.06398519 0.735496 0.15192544 1.0600593
53 -0.19628477 -0.4880433 1.0604018 -1.0633211 0.17097004 -0.5120957 0.5228109 0.2054466 -0.09271083 0.075548686 1.1716552 -0.8635245 -0.21453312 -0.31473398 0.2369947 -0.4991832
21 0.050457265 0.38474518 0.20677137 -0.63426375 0.01973728 -0.0025306607 -0.35517493 0.31186822 1.55864 0.36877775 0.44416586 -0.463303 0.04718634 0.51168513 0.27074718 1.1271241
45 -0.15887366 -0.75790405 0.93309903 -1.2352163 0.24807467 -0.63246906 0.69352454 0.16592902 0.04654648 0.21498835 0.88913566 -0.7046206 -0.29400468 -0.40766096 0.101329125 -0.4874638
47 0.04718976 -0.70563906 1.0316846 -1.0336634 0.2574709 -0.5630459 0.6833829 0.26943648 0.008340176 0.15526727 0.87221164 -0.69114566 -0.21153581 -0.2863484 -0.012058205 -0.15865232
74 -0.28189456 -0.59810865 0.9338053 -0.9660499 0.27800733 -0.6899651 0.6763513 0.051627517 0.03546941 0.11560066 0.90046406 -0.88273484 -0.19658639 -0.27589735 0.23033376 -0.59303665
46 -0.0042255097 -0.63556147 0.8635996 -1.0772048 0.25129884 -0.6859348 0.65995646 0.2601558 0.07595591 0.121798985 0.85851187 -0.7104625 -0.29879132 -0.43870515 -0.08346461 -0.5009763
