1 2
1 3
1 4
1 5
1 6
1 9
1 12
1 14
1 15
1 16
2 3
2 12
2 16
2 13
2 15
2 5
2 6
2 10
2 17
3 4
3 5
3 6
3 7
3 8
3 9
3 10
3 12
3 13
3 14
3 15
3 17
4 12
4 666
4 16
4 675
4 245
4 203
4 674
4 15
4 671
4 6
4 673
4 624
4 669
4 670
4 672
4 7
4 11
4 5
4 9
4 10
4 17
5 268
5 12
5 631
5 16
5 635
5 244
5 194
5 623
5 8
5 627
5 15
5 6
5 625
5 624
5 626
5 628
5 629
5 630
5 634
5 7
5 14
5 11
5 10
5 17
6 12
6 676
6 16
6 683
6 193
6 13
6 682
6 15
6 7
6 9
6 10
6 11
6 14
6 17
6 677
6 625
6 647
6 658
6 679
6 673
7 12
7 684
7 207
7 690
7 13
7 685
7 15
7 688
7 679
7 55
7 626
7 648
7 659
7 686
7 687
7 689
7 9
7 10
7 11
7 14
8 12
8 691
8 16
8 698
8 13
8 204
8 9
8 10
8 11
8 14
8 17
8 682
8 693
8 694
8 649
8 660
8 685
8 695
8 697
8 674
9 699
9 16
9 705
9 13
9 199
9 692
9 15
9 703
9 680
9 700
9 628
9 650
9 661
9 686
9 669
9 704
9 14
9 11
9 10
9 17
10 12
10 656
10 16
10 665
10 196
10 660
10 15
10 663
10 629
10 657
10 659
10 661
10 662
10 664
10 14
10 11
11 12
11 706
11 709
11 13
11 200
11 695
11 15
11 708
11 630
11 652
11 662
11 687
11 702
11 670
11 14
12 13
12 14
12 16
12 17
12 716
12 197
12 691
12 710
12 645
12 656
12 684
12 706
13 192
13 197
13 205
13 14
13 15
13 17
13 204
13 201
13 193
13 194
13 195
13 198
13 199
13 200
13 202
13 203
14 645
14 16
14 655
14 195
14 15
14 653
14 647
14 632
14 646
14 648
14 651
14 654
15 710
15 16
15 713
15 201
15 17
15 681
15 633
15 653
15 663
15 688
15 703
15 708
16 716
16 17
16 205
16 717
16 698
16 713
16 683
16 690
16 705
16 715
16 675
17 714
17 600
17 715
17 202
17 678
17 707
17 634
17 654
17 664
17 689
17 704
17 672
18 19
18 20
18 21
18 24
18 44
18 49
18 31
18 40
18 47
19 47
19 24
19 45
19 23
19 48
19 20
19 35
19 22
19 41
19 21
19 26
20 31
20 24
20 38
20 33
20 23
20 37
20 34
20 21
20 22
20 36
20 27
20 32
20 35
20 39
21 25
21 24
21 23
21 29
21 27
21 22
21 28
21 26
22 40
22 24
22 43
22 42
22 36
22 28
22 41
23 49
23 24
23 46
23 37
23 42
23 29
24 44
24 46
24 38
24 30
24 45
25 26
25 27
25 29
25 30
25 44
25 49
25 31
25 40
25 47
26 47
26 45
26 29
26 48
26 27
26 35
26 28
26 41
27 31
27 30
27 38
27 33
27 37
27 28
27 36
27 39
28 40
28 30
28 43
28 29
28 42
28 36
29 49
29 30
29 37
29 48
30 44
30 46
30 38
30 43
30 45
31 32
31 34
31 35
31 36
31 38
31 39
31 44
31 49
31 40
32 38
32 33
32 34
32 736
32 737
32 738
32 739
32 740
32 741
32 120
32 742
32 745
32 746
32 36
32 35
32 39
33 38
33 34
33 35
33 36
33 37
33 39
33 617
33 619
34 38
34 596
34 37
34 35
34 36
35 47
35 38
35 45
35 37
35 41
35 36
35 39
36 40
36 43
36 37
36 41
36 39
37 49
37 38
37 39
37 42
37 48
38 39
38 43
40 41
40 44
40 49
40 47
41 47
41 45
41 42
41 48
42 49
42 43
42 46
42 48
43 44
43 46
43 45
44 45
44 46
44 47
44 49
45 47
45 48
46 49
46 48
47 48
50 51
50 53
50 54
50 57
50 58
50 59
50 60
50 85
50 81
50 62
50 73
50 78
51 60
51 617
51 52
51 53
51 54
51 56
51 58
51 61
51 618
52 53
52 54
52 55
52 58
52 59
52 61
53 60
53 59
53 54
53 56
53 61
54 60
54 57
54 59
54 866
54 55
54 58
54 56
54 61
55 60
55 57
55 684
55 207
55 685
55 688
55 59
55 679
55 626
55 648
55 659
55 668
55 686
55 687
55 689
55 58
55 61
56 60
56 59
56 58
57 86
57 138
57 58
57 59
57 61
57 134
57 133
57 136
57 140
57 139
57 141
57 142
57 143
58 73
58 60
58 76
58 59
58 75
58 74
58 77
58 61
59 81
59 60
59 84
59 82
59 61
59 83
59 70
59 79
60 85
60 61
60 86
60 88
60 71
60 76
60 80
61 78
61 80
61 79
61 72
61 77
62 63
62 64
62 65
62 66
62 67
62 68
62 69
62 70
62 71
62 85
62 81
62 73
62 78
63 71
63 67
63 68
63 70
63 291
63 65
63 66
63 64
63 69
63 72
63 866
64 71
64 67
64 68
64 65
64 866
64 69
65 71
65 67
65 68
65 69
65 72
66 71
66 68
66 70
66 69
66 72
67 68
67 69
67 70
67 847
67 848
67 850
68 71
68 69
68 70
69 71
69 76
69 70
69 75
69 74
69 72
70 71
70 84
70 82
70 72
70 83
70 75
70 79
71 85
71 72
71 86
71 84
71 87
72 78
72 80
72 79
73 74
73 75
73 76
73 77
73 85
73 81
73 78
74 76
74 271
74 272
74 75
74 77
74 274
74 273
74 276
74 277
75 81
75 84
75 82
75 83
75 79
76 77
76 86
76 88
76 80
78 80
78 85
78 81
79 81
79 80
79 84
79 82
79 83
80 85
80 86
80 84
80 88
80 87
81 83
81 84
81 85
82 241
82 83
82 267
83 84
83 267
84 85
84 86
84 87
84 88
85 87
85 88
86 134
86 135
86 136
86 137
86 138
86 139
86 140
86 141
86 142
86 143
86 87
86 88
87 144
88 136
113 114
113 116
113 117
113 118
113 119
113 120
113 121
113 122
113 123
113 124
113 125
113 126
113 127
113 129
113 130
113 131
113 132
114 181
114 118
114 184
114 115
114 116
114 117
114 119
114 120
114 121
114 122
114 123
114 126
114 127
114 129
114 130
114 131
114 132
114 183
114 173
114 146
114 168
115 145
115 148
115 147
115 153
115 149
115 116
115 151
115 128
115 127
115 117
115 119
115 120
115 121
115 123
115 124
115 125
115 129
115 130
115 131
115 132
115 150
115 152
116 269
116 118
116 117
116 119
116 120
116 121
116 122
116 124
116 125
116 126
116 128
116 129
116 130
116 132
116 270
117 137
117 118
117 247
117 122
117 127
117 253
117 255
117 121
117 125
117 126
117 130
117 131
117 132
117 252
117 254
117 256
117 257
118 119
118 120
118 121
118 122
118 123
118 124
118 126
118 127
118 128
118 129
118 130
118 131
118 132
118 269
118 148
119 128
119 127
119 123
119 124
119 125
119 126
119 129
119 130
119 132
119 253
120 743
120 128
120 122
120 738
120 123
120 736
120 739
120 740
120 741
120 155
120 744
120 746
120 125
120 121
120 126
120 130
120 129
120 132
121 128
121 786
121 122
121 127
121 791
121 123
121 736
121 765
121 779
121 159
121 787
121 788
121 792
121 131
121 125
121 124
121 126
121 129
121 132
122 128
122 125
122 126
122 127
122 129
122 130
122 797
122 755
122 737
122 766
122 780
122 160
122 795
122 796
122 790
122 798
123 128
123 753
123 755
123 127
123 759
123 124
123 126
123 130
123 131
123 738
123 756
123 757
123 758
123 156
123 760
123 761
123 762
124 128
124 794
124 127
124 800
124 739
124 781
124 161
124 787
124 802
124 803
124 131
124 125
124 126
124 130
124 129
124 132
125 128
125 763
125 766
125 127
125 769
125 757
125 764
125 765
125 767
125 768
125 157
125 770
125 771
125 772
125 130
125 132
126 128
126 773
126 780
126 758
126 774
126 777
126 778
126 775
126 776
126 768
126 779
126 781
126 783
126 785
126 131
126 129
126 130
126 132
127 804
127 797
127 131
127 132
127 769
127 162
127 800
127 805
127 791
128 129
128 130
128 131
128 804
128 753
128 763
128 773
128 799
128 808
129 154
129 163
129 160
129 162
129 156
129 155
129 157
129 158
129 159
129 161
129 164
129 165
129 166
129 131
129 130
130 808
130 795
130 805
130 760
130 744
130 770
130 783
130 801
130 809
130 810
130 131
131 811
131 796
131 761
131 745
131 771
131 784
131 809
131 789
131 132
132 798
132 807
132 762
132 746
132 772
132 803
132 810
132 812
132 792
133 247
133 248
133 249
133 250
133 251
133 134
133 135
133 136
133 137
133 139
133 140
133 141
133 142
133 143
134 138
134 151
134 174
134 170
134 175
134 135
134 136
134 137
134 139
134 140
134 141
134 142
135 138
135 136
135 143
135 139
135 141
135 142
136 138
136 137
136 139
136 140
136 141
136 142
136 143
137 138
137 252
137 247
137 254
137 257
137 140
137 139
137 141
137 142
137 143
138 139
138 140
138 141
138 143
138 258
138 154
138 167
138 172
138 176
138 181
138 187
139 249
139 260
139 140
139 143
139 141
139 142
140 262
140 263
140 260
140 264
140 265
140 141
140 142
140 143
141 256
141 263
141 266
141 143
141 142
142 257
142 266
142 261
142 265
142 251
142 143
143 176
143 177
143 179
143 180
143 175
143 171
144 598
144 735
145 146
145 147
145 148
145 149
145 150
145 151
145 152
145 153
146 182
146 147
146 153
146 150
146 151
146 152
146 183
146 173
146 168
146 179
147 148
147 149
147 150
147 151
147 152
147 153
147 845
148 149
148 150
148 151
148 153
148 182
148 269
149 269
149 153
149 183
149 150
149 151
149 270
150 153
150 169
150 168
150 151
150 170
150 171
150 152
151 172
151 174
151 173
151 152
151 170
151 175
152 176
152 177
152 153
152 180
152 179
152 175
152 178
152 171
153 184
153 174
154 155
154 156
154 157
154 158
154 159
154 162
154 165
154 166
154 181
154 172
154 187
154 258
154 167
154 176
155 743
155 163
155 737
155 160
155 162
155 738
155 156
155 745
155 165
155 740
155 157
155 736
155 159
155 741
155 158
155 746
156 753
156 163
156 755
156 160
156 759
156 162
156 157
156 158
156 159
156 161
156 164
156 165
156 166
156 761
156 757
156 754
156 758
156 760
156 738
156 756
156 762
157 763
157 766
157 160
157 769
157 162
157 757
157 771
157 165
157 158
157 161
157 164
157 166
157 765
157 768
157 770
157 764
157 740
157 767
157 772
158 773
158 163
158 780
158 160
158 758
158 774
158 777
158 778
158 784
158 165
158 768
158 779
158 159
158 161
158 166
158 783
158 776
158 741
158 781
159 163
159 786
159 160
159 790
159 162
159 791
159 754
159 789
159 164
159 166
159 779
159 788
159 792
160 163
160 161
160 164
160 165
160 755
160 796
160 766
160 790
160 780
160 795
160 794
161 163
161 799
161 794
161 162
161 800
161 756
161 802
161 767
161 781
161 164
161 801
161 739
161 803
162 804
162 797
162 164
162 165
162 166
162 759
162 806
162 769
162 791
162 742
162 800
162 807
163 164
163 165
163 166
163 793
163 804
163 753
163 811
163 763
163 786
163 743
163 813
164 808
164 795
164 805
164 760
164 809
164 770
164 788
164 783
164 166
164 744
164 801
164 810
165 811
165 796
165 806
165 166
165 789
165 784
165 809
165 745
165 802
165 812
166 813
166 798
166 807
166 762
166 812
166 772
166 792
166 803
167 169
167 170
167 185
167 181
167 172
167 176
168 181
168 182
168 184
168 171
168 183
168 173
169 185
169 174
169 186
170 172
170 174
170 173
170 171
170 175
171 176
171 180
171 175
171 178
172 175
172 185
172 181
172 258
172 176
173 181
173 182
173 174
173 175
173 183
173 179
174 185
174 175
174 184
174 186
175 176
175 177
175 180
175 179
175 178
176 177
176 178
176 179
176 180
176 185
176 181
176 258
177 178
177 179
177 595
177 262
178 180
178 179
178 851
179 184
179 183
180 185
180 184
180 186
181 182
181 184
181 185
181 258
181 187
182 183
182 184
182 269
183 269
183 184
184 185
184 186
185 258
185 187
187 188
187 258
188 846
189 190
189 191
189 233
189 239
189 192
189 206
189 214
189 217
189 229
189 236
190 206
190 207
190 209
190 210
190 211
190 213
190 191
191 209
192 194
192 195
192 196
192 197
192 198
192 201
192 202
192 203
192 204
192 205
192 233
192 239
192 238
192 206
192 243
192 217
192 224
192 229
192 236
193 197
193 205
193 677
193 678
193 625
193 658
193 679
193 680
193 681
193 682
193 204
193 201
193 194
193 196
193 198
193 199
193 200
193 203
194 268
194 631
194 197
194 244
194 623
194 624
194 626
194 627
194 629
194 632
194 634
194 204
194 201
194 198
194 195
194 200
194 203
194 199
194 196
194 202
195 645
195 655
195 205
195 632
195 646
195 647
195 649
195 650
195 651
195 653
195 204
195 201
195 198
195 196
195 199
195 202
195 203
196 656
196 197
196 205
196 629
196 651
196 657
196 658
196 659
196 660
196 661
196 662
196 664
196 204
196 201
196 198
196 200
196 199
197 199
197 200
197 201
197 202
197 203
197 204
197 716
197 631
197 645
197 656
197 666
197 676
197 684
197 691
197 699
197 706
197 710
197 714
198 684
198 207
198 690
198 205
198 626
198 648
198 668
198 679
198 685
198 688
198 689
198 201
198 199
198 200
198 203
199 699
199 205
199 692
199 701
199 661
199 686
199 669
199 680
199 702
199 703
199 704
199 201
199 200
200 706
200 709
200 205
200 707
200 677
200 652
200 662
200 687
200 695
200 708
200 204
200 201
200 202
201 710
201 711
201 713
201 205
201 633
201 653
201 663
201 688
201 703
201 708
201 671
201 681
201 696
201 204
201 202
201 203
202 600
202 715
202 205
202 707
202 678
202 654
202 664
202 704
202 672
202 697
202 204
203 666
203 675
203 205
203 245
203 667
203 646
203 668
203 672
203 673
203 204
204 691
204 698
204 693
204 649
204 660
204 685
204 695
204 696
204 682
204 674
205 716
205 717
205 718
205 635
205 655
205 690
205 705
205 713
205 715
205 698
206 207
206 208
206 209
206 211
206 212
206 213
206 233
206 238
206 214
206 217
206 229
206 236
207 684
207 626
207 648
207 659
207 668
207 685
207 686
207 687
207 688
207 689
207 690
207 208
207 210
207 213
207 212
207 211
207 209
208 210
208 212
208 213
209 210
209 213
209 211
210 747
210 576
210 748
210 211
210 212
210 213
211 748
211 749
211 577
211 213
211 212
212 747
212 749
212 578
212 213
213 576
213 572
213 577
213 578
213 579
213 580
213 561
213 567
213 581
214 215
214 216
214 233
214 239
214 224
214 229
214 236
214 243
215 239
215 241
215 240
215 242
216 243
216 242
216 244
216 246
217 221
217 223
217 233
217 239
217 243
217 224
217 229
218 220
218 553
218 221
218 219
218 551
218 554
218 222
219 229
219 220
219 230
219 223
219 232
219 225
219 222
219 231
220 233
220 221
220 222
220 234
220 226
220 230
220 235
221 224
221 228
221 225
221 227
222 236
222 235
222 223
222 227
223 238
223 234
223 228
223 232
223 237
224 225
224 228
224 239
224 238
224 243
224 229
225 229
225 226
225 230
225 228
225 231
225 227
226 233
226 227
226 228
226 234
226 230
226 235
227 236
227 237
227 231
228 238
228 234
228 232
228 237
229 230
229 231
229 232
229 233
229 239
229 238
229 243
229 236
230 233
230 231
230 232
230 235
231 236
231 235
231 232
231 237
232 238
232 237
233 234
233 235
233 236
233 238
233 239
234 238
234 237
234 235
235 236
235 237
236 237
236 239
236 238
236 243
237 238
238 243
239 240
239 241
239 243
240 241
240 242
241 267
241 268
241 242
242 243
242 244
242 245
242 246
243 246
244 268
244 631
244 635
244 623
244 625
244 626
244 628
244 629
244 630
244 632
244 634
244 246
245 666
245 675
245 667
245 646
245 657
245 668
245 669
245 670
245 671
245 673
245 674
245 246
246 667
247 252
247 253
247 255
247 256
247 257
247 250
247 248
247 249
247 251
248 256
248 259
248 266
248 250
248 249
249 254
249 259
249 261
249 250
249 251
250 262
250 255
250 263
250 260
250 264
250 265
251 257
251 266
251 265
252 253
252 255
252 254
252 256
252 257
253 254
253 255
253 256
253 257
254 255
254 260
254 259
254 261
254 256
255 262
255 264
255 256
255 263
255 260
255 265
256 263
256 259
256 266
256 257
257 265
257 266
257 261
259 263
259 260
259 266
259 261
260 262
260 261
260 263
260 265
261 265
261 266
262 264
262 265
262 595
263 264
263 266
263 265
264 595
264 265
265 266
268 623
268 625
268 626
268 627
268 628
268 629
268 630
268 631
268 633
268 634
268 635
271 272
271 273
271 274
271 275
271 276
271 277
271 278
271 284
271 296
271 298
271 300
272 278
272 274
272 275
272 276
272 279
272 280
272 281
272 282
272 283
273 284
273 285
273 286
273 287
273 288
273 289
273 274
273 275
273 276
273 277
274 294
274 280
274 291
274 286
274 292
274 275
274 276
274 277
275 281
275 287
275 292
275 297
276 298
276 282
276 288
276 293
276 297
276 299
276 277
277 300
277 283
277 289
277 299
278 279
278 280
278 281
278 282
278 283
278 284
278 290
278 296
278 298
278 300
279 280
279 281
279 282
279 283
280 290
280 295
280 286
280 281
280 282
280 283
281 296
281 287
281 292
281 297
281 282
282 298
282 288
282 293
282 297
282 299
282 283
283 300
283 289
283 299
284 285
284 286
284 288
284 290
284 296
284 298
284 300
285 286
285 287
285 288
286 295
286 287
286 288
286 289
286 291
286 293
287 292
287 288
288 298
288 293
288 297
288 299
288 289
289 300
290 291
290 292
290 294
290 295
290 296
290 300
291 295
291 866
291 292
292 296
292 295
292 294
292 297
292 293
293 298
293 295
293 294
293 297
293 299
294 599
294 295
294 600
296 298
296 300
297 298
297 299
298 300
299 300
301 302
301 303
301 304
301 305
301 308
301 310
301 312
301 314
301 315
301 316
301 317
301 318
301 319
301 320
301 321
301 322
301 442
301 388
301 323
301 415
301 428
301 365
301 352
301 398
301 338
301 437
301 377
301 433
301 440
302 322
302 601
302 305
302 312
302 316
302 315
302 318
302 605
302 307
302 310
302 309
302 317
302 604
302 306
302 320
302 602
302 603
302 303
302 304
302 311
302 314
302 321
303 305
303 312
303 316
303 318
303 307
303 609
303 310
303 309
303 313
303 308
303 306
303 320
303 602
303 319
303 304
303 311
303 314
303 321
304 322
304 312
304 316
304 315
304 615
304 310
304 309
304 313
304 317
304 306
304 612
304 320
304 603
304 607
304 319
304 311
304 314
305 322
305 306
305 307
305 309
305 311
305 313
305 314
305 315
305 316
305 317
305 318
305 319
305 320
305 321
305 616
305 610
305 601
305 606
305 614
306 322
306 610
306 312
306 315
306 318
306 307
306 613
306 310
306 308
306 314
306 319
306 320
306 608
306 611
306 612
307 322
307 312
307 316
307 315
307 318
307 308
307 309
307 310
307 311
307 313
307 314
307 317
307 319
307 613
307 605
307 609
307 615
308 338
308 322
308 351
308 312
308 345
308 316
308 324
308 341
308 318
308 349
308 310
308 347
308 309
308 346
308 313
308 344
308 311
308 314
308 319
308 320
308 321
308 342
308 340
308 343
308 348
309 352
309 322
309 312
309 359
309 316
309 325
309 315
309 355
309 318
309 362
309 360
309 314
309 317
309 319
309 320
309 321
309 358
309 346
309 354
309 357
309 361
309 363
310 365
310 322
310 376
310 312
310 316
310 315
310 368
310 318
310 374
310 311
310 313
310 314
310 317
310 319
310 320
310 321
310 360
310 366
310 371
310 347
310 367
310 375
311 377
311 322
311 387
311 312
311 379
311 327
311 381
311 318
311 383
311 367
311 354
311 313
311 378
311 340
311 320
311 385
311 380
311 384
311 386
311 319
311 321
312 388
312 397
312 314
312 315
312 317
312 318
312 321
312 328
312 390
312 395
312 359
312 389
312 393
312 345
312 391
312 379
312 392
312 396
313 398
313 322
313 389
313 316
313 329
313 315
313 400
313 318
313 402
313 366
313 314
313 317
313 319
313 320
313 401
313 339
313 404
313 378
313 403
313 405
314 407
314 414
314 316
314 330
314 315
314 408
314 412
314 373
314 361
314 399
314 317
314 411
314 348
314 320
314 409
314 380
314 410
314 321
315 322
315 421
315 390
315 316
315 331
315 318
315 319
315 320
315 321
315 417
315 368
315 355
315 400
315 341
315 419
315 381
315 408
315 418
315 420
316 323
316 322
316 337
316 328
316 317
316 318
316 319
316 331
316 333
316 326
316 329
316 332
316 330
316 334
316 336
317 422
317 427
317 393
317 416
317 318
317 371
317 358
317 401
317 319
317 320
317 321
317 423
317 382
317 424
317 411
317 426
318 428
318 322
318 432
318 395
318 333
318 417
318 319
318 321
318 374
318 362
318 402
318 425
318 349
318 429
318 383
318 430
318 412
318 431
319 433
319 322
319 436
319 392
319 334
319 430
319 370
319 403
319 424
319 343
319 320
319 384
319 435
319 321
320 322
320 439
320 391
320 335
320 429
320 356
320 423
320 342
320 321
320 385
320 409
320 434
320 438
321 440
321 322
321 441
321 396
321 420
321 431
321 405
321 426
321 350
321 438
321 386
321 435
322 442
322 397
322 337
322 421
322 432
322 376
322 364
322 406
322 427
322 351
322 439
322 387
322 436
322 441
323 324
323 325
323 326
323 327
323 328
323 329
323 330
323 331
323 332
323 333
323 334
323 335
323 337
323 442
323 388
323 338
323 352
323 365
323 377
323 398
323 407
323 415
323 422
323 433
323 440
324 338
324 328
324 345
324 339
324 340
324 341
324 342
324 343
324 344
324 347
324 348
324 349
324 350
324 331
324 333
324 325
324 329
324 332
324 334
324 335
324 336
325 352
325 337
325 364
325 328
325 359
325 353
325 354
325 355
325 356
325 357
325 358
325 360
325 361
325 362
325 363
325 331
325 333
325 326
325 327
325 330
325 332
325 335
325 336
326 337
326 376
326 372
326 366
326 367
326 368
326 369
326 370
326 371
326 360
326 373
326 374
326 331
326 333
326 329
326 330
326 334
326 335
326 336
327 377
327 337
327 387
327 328
327 379
327 378
327 340
327 354
327 367
327 380
327 381
327 382
327 383
327 384
327 385
327 386
327 331
327 333
327 329
327 332
327 335
327 334
327 330
327 336
328 337
328 397
328 329
328 331
328 332
328 333
328 334
328 335
328 336
328 389
328 379
328 390
328 392
328 345
328 359
328 372
328 394
328 395
328 396
329 398
329 337
329 406
329 389
329 339
329 353
329 366
329 400
329 401
329 402
329 403
329 331
329 333
329 330
329 332
329 334
329 335
329 336
330 407
330 337
330 394
330 380
330 408
330 409
330 410
330 411
330 348
330 361
330 373
330 412
330 413
330 331
330 332
330 335
330 334
330 336
331 415
331 337
331 421
331 390
331 400
331 381
331 341
331 355
331 368
331 416
331 417
331 418
331 419
331 420
331 332
331 333
331 334
331 335
331 336
332 422
332 337
332 427
332 401
332 382
332 416
332 423
332 424
332 344
332 358
332 371
332 426
332 333
332 334
332 335
332 336
333 337
333 432
333 395
333 402
333 383
333 417
333 430
333 425
333 349
333 362
333 412
333 374
333 431
333 334
333 336
334 433
334 337
334 436
334 392
334 403
334 384
334 418
334 434
334 357
334 370
334 410
334 424
334 430
334 435
334 335
334 336
335 337
335 439
335 391
335 404
335 385
335 419
335 342
335 369
335 409
335 423
335 429
335 434
335 438
335 336
336 337
336 441
336 396
336 405
336 420
336 438
336 426
336 350
336 363
336 413
336 431
337 442
337 406
337 387
337 421
337 436
337 427
337 351
337 364
337 414
337 441
337 432
338 339
338 340
338 343
338 344
338 345
338 346
338 347
338 348
338 349
338 350
338 351
338 442
338 388
338 415
338 428
338 365
338 352
338 398
338 422
338 407
338 433
338 437
338 440
339 398
339 406
339 351
339 345
339 400
339 341
339 402
339 349
339 366
339 353
339 346
339 340
339 342
339 343
339 344
339 348
339 350
339 401
339 378
339 403
339 404
339 405
340 377
340 351
340 379
340 345
340 381
340 341
340 383
340 349
340 367
340 347
340 354
340 346
340 382
340 344
340 380
340 384
340 385
340 386
340 342
340 343
340 348
340 350
341 421
341 351
341 390
341 342
341 344
341 346
341 347
341 348
341 368
341 355
341 416
341 408
341 419
341 420
342 437
342 439
342 351
342 391
342 345
342 419
342 349
342 369
342 346
342 404
342 423
342 344
342 385
342 409
342 434
342 348
342 350
343 433
343 436
343 351
343 345
343 418
343 430
343 349
343 370
343 347
343 424
343 344
343 384
343 434
343 410
343 435
343 348
343 350
344 422
344 351
344 393
344 345
344 416
344 425
344 371
344 347
344 346
344 401
344 348
344 350
344 382
344 423
344 411
345 388
345 397
345 351
345 346
345 347
345 348
345 350
345 390
345 395
345 372
345 359
345 389
345 393
345 391
345 392
345 394
345 396
346 351
346 364
346 359
346 355
346 349
346 362
346 360
346 348
346 350
346 353
346 356
346 357
346 361
346 363
347 365
347 351
347 376
347 372
347 368
347 349
347 374
347 348
347 350
347 360
347 366
347 371
347 369
347 370
347 373
347 375
348 407
348 351
348 414
348 394
348 408
348 349
348 373
348 361
348 399
348 411
348 380
348 410
348 413
348 350
349 428
349 351
349 432
349 395
349 374
349 362
349 402
349 425
349 383
349 429
349 430
349 412
350 440
350 351
350 441
350 396
350 420
350 431
350 375
350 363
350 405
350 426
350 386
350 438
350 435
350 413
351 442
351 397
351 421
351 432
351 376
351 364
351 406
351 427
351 387
351 439
351 436
351 414
352 353
352 357
352 358
352 359
352 360
352 361
352 362
352 363
352 364
352 442
352 428
352 365
352 407
352 422
352 433
352 440
353 398
353 406
353 364
353 389
353 400
353 355
353 402
353 366
353 360
353 399
353 401
353 403
353 404
353 405
353 354
353 356
353 358
353 361
354 377
354 387
354 359
354 381
354 355
354 383
354 362
354 367
354 360
354 378
354 380
354 384
354 385
354 357
354 361
354 363
355 415
355 390
355 356
355 357
355 358
355 361
355 362
355 363
355 417
355 368
355 400
355 408
355 416
355 418
355 419
355 420
356 437
356 391
356 359
356 429
356 362
356 369
356 360
356 404
356 385
356 423
356 434
356 438
356 358
356 357
356 361
357 436
357 364
357 392
357 430
357 370
357 360
357 403
357 384
357 434
357 410
357 424
357 435
357 358
357 363
358 427
358 364
358 393
358 359
358 416
358 425
358 371
358 401
358 382
358 423
358 411
358 363
359 364
359 360
359 361
359 363
359 390
359 395
359 372
359 389
359 379
359 392
359 393
359 394
359 396
360 364
360 376
360 372
360 368
360 362
360 374
360 361
360 363
360 367
360 370
360 371
360 373
360 375
361 407
361 364
361 394
361 408
361 362
361 412
361 380
361 409
361 410
361 363
362 428
362 364
362 432
362 417
362 363
362 374
362 402
362 425
362 412
363 364
363 441
363 375
363 405
363 386
363 438
363 435
363 426
363 413
364 397
364 421
364 432
364 376
364 406
364 387
364 436
364 427
364 414
365 366
365 367
365 369
365 370
365 372
365 373
365 374
365 375
365 376
365 442
365 415
365 428
365 398
365 407
365 422
365 433
365 437
365 440
366 406
366 376
366 372
366 368
366 374
366 378
366 401
366 404
366 405
366 369
366 371
366 373
366 375
367 377
367 387
367 379
367 372
367 381
367 368
367 383
367 378
367 380
367 382
367 386
367 371
367 370
367 373
367 375
368 421
368 376
368 390
368 372
368 370
368 371
368 373
368 374
368 375
368 417
368 400
368 381
368 408
368 416
368 418
368 419
369 437
369 439
369 376
369 391
369 419
369 429
369 374
369 385
369 409
369 423
369 434
369 438
369 371
369 370
369 375
370 433
370 376
370 392
370 372
370 418
370 430
370 403
370 384
370 434
370 410
370 424
370 435
370 371
370 373
371 422
371 376
371 393
371 372
371 416
371 425
371 374
371 382
371 423
371 424
371 411
371 426
371 373
372 388
372 373
372 374
372 390
372 395
372 389
372 379
372 391
372 392
372 394
372 396
373 407
373 414
373 376
373 408
373 399
373 380
373 409
373 410
373 411
373 413
373 375
374 376
374 432
374 395
374 417
374 375
374 402
374 383
374 429
374 430
374 425
374 412
374 431
375 440
375 376
375 441
375 396
375 420
375 431
375 405
375 386
375 438
375 435
375 426
375 413
376 442
376 421
376 432
376 406
376 387
376 436
376 427
376 414
376 441
377 378
377 379
377 380
377 381
377 383
377 384
377 385
377 442
377 388
377 428
377 398
377 437
377 433
377 407
378 398
378 406
378 387
378 400
378 381
378 402
378 380
378 384
378 385
378 386
378 401
378 404
378 399
378 405
379 388
379 387
379 397
379 381
379 382
379 383
379 384
379 385
379 386
379 389
379 393
379 391
379 396
380 387
380 414
380 381
380 408
380 412
380 399
380 382
380 385
380 409
380 384
380 410
380 386
380 413
381 415
381 387
381 421
381 390
381 382
381 383
381 384
381 385
381 386
381 417
381 400
381 416
381 419
381 418
381 408
381 420
382 422
382 427
382 416
382 383
382 425
382 401
382 384
382 385
382 386
382 423
382 424
382 411
383 428
383 387
383 432
383 395
383 417
383 385
383 386
383 402
383 425
383 429
383 430
383 412
383 431
384 433
384 387
384 436
384 392
384 418
384 403
384 424
384 385
384 434
384 386
384 410
384 435
385 387
385 391
385 419
385 429
385 404
385 423
385 386
385 409
386 440
386 387
386 441
386 396
386 405
386 426
386 438
386 435
386 413
387 442
387 397
387 421
387 432
387 406
387 427
387 436
387 414
387 441
388 389
388 390
388 391
388 392
388 393
388 394
388 395
388 396
388 442
388 398
388 407
388 415
388 422
388 433
388 437
388 440
389 398
389 406
389 399
389 400
389 402
389 403
389 404
389 405
389 390
389 395
389 391
389 392
389 394
390 421
390 397
390 400
390 408
390 418
390 419
390 420
390 391
390 392
390 393
390 396
391 439
391 404
391 419
391 409
391 429
391 434
391 438
391 395
391 394
391 396
392 433
392 436
392 418
392 434
392 410
392 424
392 430
392 435
392 395
392 393
392 394
393 422
393 427
393 397
393 416
393 423
393 424
393 425
393 426
393 395
393 394
393 396
394 407
394 397
394 414
394 408
394 409
394 410
394 411
394 412
394 413
394 395
394 396
395 402
395 417
395 429
395 430
395 412
395 431
395 396
396 440
396 397
396 441
396 405
396 420
396 438
396 435
396 413
396 431
397 442
397 406
397 439
397 414
397 441
397 432
398 399
398 400
398 401
398 402
398 404
398 406
398 415
398 428
398 422
398 440
399 407
399 406
399 414
399 400
399 412
399 411
399 413
399 401
399 404
399 403
399 405
400 415
400 421
400 402
400 403
400 404
400 405
400 417
400 408
400 416
400 418
400 419
401 406
401 427
401 416
401 402
401 425
401 423
401 424
401 411
401 426
401 403
401 404
401 405
402 428
402 432
402 403
402 405
402 429
402 430
402 425
402 412
402 431
403 433
403 406
403 436
403 430
403 434
403 410
403 424
404 437
404 406
404 419
404 409
404 423
404 434
404 438
404 405
405 440
405 406
405 441
405 420
405 431
405 438
405 435
405 426
406 442
406 421
406 432
406 427
406 414
406 441
407 408
407 409
407 410
407 411
407 412
407 413
407 442
407 415
407 428
407 422
407 437
407 440
408 415
408 421
408 410
408 411
408 412
408 413
408 417
408 416
408 419
408 418
408 420
409 437
409 439
409 414
409 429
409 412
409 423
409 411
409 410
409 434
409 438
410 433
410 436
410 414
410 418
410 430
410 424
410 411
410 434
410 413
411 422
411 427
411 414
411 416
411 425
411 412
411 423
411 424
411 426
412 414
412 417
412 413
412 425
412 429
412 430
412 431
413 440
413 441
413 420
413 431
413 426
413 438
413 435
414 442
414 432
414 427
414 439
414 436
414 441
415 416
415 417
415 418
415 420
415 421
415 422
415 428
415 437
416 422
416 421
416 427
416 423
416 424
416 426
416 417
416 418
416 419
416 420
417 428
417 421
417 425
417 431
417 418
417 419
417 420
418 433
418 421
418 436
418 434
418 424
418 430
418 435
418 419
418 420
419 439
419 423
419 434
419 438
419 420
420 421
420 441
420 438
420 435
420 426
420 431
421 442
421 436
421 427
421 441
421 432
422 423
422 425
422 426
422 427
422 442
422 428
422 437
422 440
423 437
423 439
423 427
423 429
423 425
423 438
423 424
423 426
424 433
424 436
424 427
424 430
424 434
424 426
425 428
425 427
425 432
425 426
425 429
425 431
426 440
426 427
426 441
426 431
426 438
426 435
427 432
427 439
427 436
427 441
428 430
428 431
428 432
428 442
428 433
428 440
429 439
429 432
429 434
429 430
429 431
430 436
430 432
430 434
430 435
430 431
431 440
431 441
431 432
431 438
431 435
432 442
432 436
432 441
433 434
433 435
433 442
433 437
433 440
434 437
434 439
434 436
434 435
435 440
435 436
435 441
435 438
436 442
436 439
436 441
437 438
437 439
437 442
437 440
438 440
438 439
438 441
439 441
440 441
441 442
550 552
550 555
550 553
551 553
551 554
552 555
552 554
553 554
553 555
554 555
556 557
556 560
556 561
556 562
556 563
556 575
556 585
556 569
556 582
556 587
557 560
557 561
557 558
557 562
558 561
558 562
559 585
559 560
559 580
559 561
559 562
559 574
559 586
559 584
560 563
560 567
560 566
560 564
560 565
560 568
561 576
561 562
561 578
561 580
561 577
561 572
561 579
561 581
562 582
562 568
562 584
562 583
563 564
563 565
563 566
563 567
563 568
563 569
563 575
563 585
564 569
564 570
564 571
564 572
564 573
564 574
564 567
564 566
564 565
564 568
565 587
565 588
565 571
565 579
565 586
565 567
565 566
565 568
566 585
566 574
566 580
566 584
566 567
566 568
567 575
567 572
567 578
567 580
567 581
567 568
568 582
568 573
568 583
568 584
568 581
569 570
569 572
569 574
569 575
569 585
569 582
570 572
570 574
570 571
570 573
571 587
571 574
571 588
571 573
572 575
572 576
572 573
572 574
572 577
572 579
572 581
573 582
573 581
573 574
573 584
573 583
574 585
574 580
574 586
574 584
575 576
575 577
575 579
575 580
575 581
575 582
575 587
576 577
576 580
576 581
576 747
577 748
577 749
577 578
577 580
577 579
578 747
578 749
578 579
578 580
578 581
579 587
579 583
579 580
579 581
580 585
580 586
580 581
581 582
581 583
581 584
582 583
582 584
582 585
582 587
583 587
583 586
583 584
583 588
584 585
584 586
585 586
586 587
586 588
587 588
596 598
597 610
597 604
597 608
597 612
597 598
598 735
599 600
599 734
600 714
600 678
600 634
600 654
600 689
600 704
600 712
600 672
600 697
600 715
601 602
601 603
601 604
601 616
601 606
601 614
602 606
602 605
602 604
602 607
602 603
603 614
603 605
603 615
603 604
603 612
603 607
604 605
604 613
604 608
604 611
605 616
605 615
606 607
606 608
606 616
606 610
607 614
607 609
607 608
607 612
608 610
608 609
608 613
608 611
609 616
609 615
610 611
610 612
610 613
610 616
610 614
611 613
611 854
611 855
611 612
612 613
612 615
613 616
613 615
614 615
614 616
615 616
617 618
618 619
623 631
623 624
623 625
623 626
623 628
623 629
623 630
623 632
623 633
623 634
623 667
624 666
624 635
624 675
624 667
624 674
624 633
624 625
624 673
624 668
624 632
624 646
624 630
624 670
624 628
624 629
624 669
624 657
624 672
625 631
625 676
625 635
625 683
625 627
625 633
625 681
625 626
625 628
625 629
625 630
625 634
625 679
625 647
625 677
625 673
625 680
625 678
625 658
626 631
626 684
626 690
626 627
626 685
626 633
626 688
626 679
626 628
626 629
626 630
626 632
626 634
626 648
626 687
626 668
626 659
627 691
627 635
627 698
627 628
627 629
627 632
627 634
627 696
627 682
627 685
627 649
627 695
627 693
627 694
627 674
627 692
627 660
628 631
628 635
628 692
628 633
628 703
628 686
628 632
628 650
628 702
628 700
628 669
628 629
628 661
628 704
629 656
629 635
629 660
629 633
629 663
629 658
629 659
629 632
629 651
629 630
629 662
629 657
629 664
629 634
630 631
630 706
630 635
630 709
630 695
630 633
630 677
630 687
630 632
630 634
630 662
631 632
631 633
631 634
631 635
631 716
631 676
631 684
631 645
631 706
631 656
631 714
632 645
632 655
632 649
632 633
632 653
632 652
632 646
632 650
632 651
633 710
633 711
633 635
633 713
633 696
633 634
633 681
633 688
633 653
633 708
633 671
633 703
633 712
634 714
634 635
634 715
634 697
634 712
634 678
634 654
634 707
634 704
634 664
635 716
635 717
635 698
635 690
635 675
635 705
635 665
635 715
636 637
636 638
637 639
637 638
637 640
638 640
638 644
639 640
639 881
640 641
640 643
640 642
640 644
641 642
641 643
641 644
642 643
642 644
642 843
643 644
643 842
643 844
644 844
644 843
645 646
645 647
645 648
645 650
645 651
645 654
645 655
645 716
645 691
645 710
645 676
645 684
645 656
645 666
645 706
646 675
646 667
646 674
646 653
646 671
646 673
646 648
646 668
646 657
646 669
646 670
646 672
646 652
646 650
646 654
647 676
647 649
647 648
647 650
647 651
647 654
647 679
647 677
647 678
647 658
647 680
647 673
648 684
648 690
648 649
648 685
648 653
648 688
648 652
648 659
648 668
648 686
648 687
649 691
649 655
649 650
649 651
649 652
649 653
649 654
649 696
649 682
649 685
649 692
649 694
649 660
649 695
649 697
649 674
650 699
650 655
650 705
650 692
650 653
650 703
650 680
650 686
650 700
650 702
650 704
650 652
650 654
651 655
651 665
651 653
651 658
651 659
651 661
651 662
651 664
651 652
651 654
652 706
652 655
652 709
652 653
652 708
652 677
652 687
652 707
652 702
652 670
652 654
653 710
653 711
653 655
653 713
653 654
653 681
653 688
653 663
653 703
653 708
653 671
653 712
654 714
654 655
654 697
654 712
654 678
654 689
654 707
654 704
654 672
655 716
655 698
655 713
655 683
655 690
655 718
655 665
655 705
655 715
655 675
656 657
656 658
656 660
656 661
656 662
656 663
656 664
656 665
656 691
656 710
656 676
656 684
656 706
656 666
656 699
656 714
657 666
657 675
657 667
657 660
657 674
657 663
657 658
657 659
657 668
657 662
657 670
657 661
657 664
657 669
657 672
658 676
658 665
658 683
658 660
658 681
658 661
658 662
658 664
658 679
658 680
659 690
659 660
659 685
659 663
659 688
659 679
659 661
659 662
659 664
659 687
659 668
659 686
660 691
660 665
660 698
660 662
660 663
660 664
660 696
660 682
660 685
660 695
660 693
660 674
660 697
661 699
661 705
661 692
661 663
661 703
661 680
661 686
661 662
661 702
661 701
661 669
661 664
661 704
662 706
662 665
662 709
662 663
662 708
662 677
662 687
662 664
662 670
662 702
662 707
663 711
663 665
663 713
663 696
663 664
663 681
663 688
663 708
663 671
663 703
663 712
664 714
664 665
664 715
664 712
664 707
664 672
664 704
665 717
665 698
665 713
665 683
665 705
666 667
666 668
666 669
666 670
666 671
666 672
666 674
666 675
666 716
666 691
666 710
666 676
666 684
666 706
666 699
666 714
667 669
667 670
667 672
667 673
668 684
668 675
668 674
668 688
668 671
668 673
668 669
668 670
668 672
668 687
668 686
668 689
669 699
669 675
669 692
669 674
669 703
669 671
669 673
669 686
669 702
669 670
669 701
669 672
670 706
670 675
670 695
670 674
670 708
670 671
670 677
670 673
670 687
670 672
670 707
670 702
671 710
671 711
671 675
671 674
671 673
671 681
671 688
671 708
671 703
671 712
672 714
672 715
672 675
672 697
672 674
672 712
672 673
672 689
672 707
672 704
673 676
673 683
673 682
673 674
673 681
673 679
673 677
673 678
673 680
674 691
674 675
674 698
674 696
674 685
674 695
674 693
674 697
675 717
675 698
675 713
675 690
675 709
675 718
676 677
676 678
676 680
676 681
676 683
676 691
676 710
676 684
676 699
676 706
676 714
677 706
677 683
677 695
677 682
677 681
677 707
677 687
677 702
677 679
677 678
677 680
678 714
678 683
678 697
678 682
678 681
678 712
678 707
678 689
678 680
679 684
679 683
679 682
679 688
679 686
679 687
679 689
679 680
680 699
680 705
680 683
680 692
680 682
680 703
680 700
680 701
680 686
680 702
680 704
681 710
681 713
681 683
681 696
681 682
681 688
681 703
681 708
681 712
682 683
682 698
682 696
682 692
682 693
682 694
682 685
682 697
683 716
683 717
683 698
683 713
683 718
683 690
683 705
683 715
684 685
684 686
684 687
684 688
684 689
684 690
684 716
684 691
684 710
684 699
684 706
684 714
685 691
685 690
685 698
685 687
685 688
685 689
685 692
685 693
685 694
685 695
685 697
686 699
686 705
686 692
686 688
686 703
686 701
686 702
686 704
686 687
686 689
687 706
687 709
687 695
687 688
687 702
688 711
688 690
688 713
688 689
688 703
689 714
689 697
689 712
689 707
689 704
690 717
690 698
690 713
690 718
690 705
690 709
690 715
691 693
691 694
691 696
691 697
691 698
691 699
691 706
691 714
692 699
692 705
692 698
692 701
692 702
692 703
692 696
692 695
692 693
692 697
693 698
693 701
693 852
693 695
693 694
693 697
694 698
694 700
694 852
694 696
694 695
694 697
695 706
695 709
695 698
695 707
695 696
695 697
696 710
696 711
696 713
696 698
696 712
696 697
697 714
697 698
697 707
697 712
698 716
698 717
698 718
698 715
699 700
699 701
699 702
699 703
699 704
699 705
699 716
699 706
699 714
700 701
700 852
700 704
701 705
701 702
702 706
702 705
702 709
702 708
702 704
702 707
703 710
703 705
703 713
703 704
703 708
703 712
704 714
704 705
704 715
704 712
704 707
705 717
705 713
705 709
705 718
705 715
706 707
706 708
706 709
706 716
706 710
706 714
707 714
707 715
707 708
707 712
708 710
708 711
708 713
708 712
709 716
709 717
709 713
709 718
710 711
710 712
710 713
710 716
710 714
711 712
711 713
711 853
712 714
712 713
712 715
713 716
713 717
713 718
713 715
714 715
714 716
715 716
715 718
716 717
716 718
717 750
717 718
718 750
735 854
735 855
736 786
736 791
736 738
736 754
736 745
736 740
736 765
736 739
736 741
736 744
736 746
736 779
736 788
736 792
737 743
737 739
737 740
737 741
737 742
737 745
737 746
737 797
737 796
737 766
737 790
737 780
737 795
738 743
738 753
738 755
738 742
738 739
738 740
738 744
738 745
738 746
738 761
738 757
738 754
738 760
738 762
738 756
739 799
739 794
739 742
739 800
739 756
739 745
739 740
739 767
739 787
739 741
739 781
739 744
739 801
739 803
740 743
740 763
740 766
740 742
740 769
740 757
740 745
740 771
740 744
740 746
740 765
740 768
740 772
740 767
741 773
741 780
741 742
741 782
741 774
741 777
741 778
741 784
741 768
741 775
741 744
741 746
741 776
741 785
741 781
742 743
742 797
742 744
742 745
742 746
742 759
742 806
742 769
742 791
742 782
742 805
742 800
743 745
743 746
743 793
743 804
743 753
743 811
743 763
743 786
743 773
743 799
744 808
744 795
744 805
744 760
744 809
744 770
744 788
744 783
744 746
744 810
744 801
745 806
745 761
745 746
745 771
745 789
745 809
745 812
745 802
746 813
746 798
746 807
746 762
746 812
746 772
746 785
746 810
746 803
748 749
753 754
753 755
753 756
753 757
753 758
753 759
753 760
753 761
753 762
753 793
753 804
753 763
753 786
753 799
753 808
753 813
754 755
754 790
754 791
754 765
754 779
754 787
754 789
754 792
754 761
754 757
754 756
754 758
755 793
755 757
755 759
755 761
755 762
755 797
755 780
755 794
755 795
755 790
755 798
756 794
756 759
756 800
756 767
756 781
756 787
756 801
756 802
756 803
756 761
756 757
756 758
756 760
756 762
757 763
757 766
757 759
757 769
757 764
757 765
757 767
757 770
757 771
757 761
757 760
757 762
758 773
758 782
758 774
758 775
758 776
758 777
758 778
758 768
758 779
758 783
758 784
758 785
758 761
758 762
759 804
759 797
759 760
759 761
759 782
759 800
759 805
759 807
760 808
760 795
760 805
760 770
760 801
760 788
760 809
760 810
760 761
760 762
761 811
761 796
761 806
761 771
761 789
761 812
761 762
762 813
762 798
762 772
762 785
762 812
762 792
763 764
763 765
763 766
763 768
763 769
763 770
763 771
763 772
763 793
763 804
763 811
763 773
763 786
763 799
763 808
764 766
764 769
764 871
764 873
764 869
764 771
764 872
764 765
764 768
764 770
764 767
765 786
765 766
765 790
765 791
765 771
765 789
765 779
765 787
765 788
765 792
765 767
765 768
765 770
765 772
766 793
766 767
766 768
766 770
766 771
766 772
766 796
766 780
766 794
766 790
767 799
767 794
767 769
767 802
767 781
767 787
767 801
767 803
767 768
767 770
767 772
768 773
768 780
768 782
768 774
768 777
768 784
768 776
768 779
768 781
768 783
768 785
768 770
768 772
769 804
769 797
769 770
769 771
769 772
769 806
769 782
769 805
769 807
770 808
770 795
770 771
770 809
770 788
770 810
771 811
771 796
771 806
771 772
771 784
771 802
771 789
771 812
772 813
772 798
772 807
772 812
772 810
772 792
773 774
773 775
773 776
773 777
773 778
773 779
773 780
773 781
773 782
773 784
773 785
773 793
773 804
773 811
773 786
773 799
773 808
773 813
774 780
774 782
774 775
774 776
774 777
774 779
774 781
774 783
774 784
774 878
774 871
775 780
775 782
775 878
775 877
775 778
775 879
775 776
775 779
775 781
775 783
775 785
775 880
776 780
776 782
776 873
776 778
776 872
776 779
776 783
776 785
777 780
777 782
777 874
777 778
777 779
777 783
777 784
777 875
777 876
778 780
778 782
778 867
778 870
778 779
778 781
778 783
778 784
778 785
778 868
778 869
779 786
779 790
779 782
779 784
779 781
779 783
779 785
779 787
779 792
780 781
780 782
780 783
780 784
780 785
780 797
780 796
780 794
780 795
780 798
781 799
781 794
781 782
781 800
781 784
781 802
781 787
781 801
781 803
781 783
781 785
782 804
782 797
782 783
782 784
782 785
782 806
782 791
782 800
782 805
783 808
783 805
783 784
783 809
783 788
783 801
783 810
783 785
784 811
784 806
784 785
784 802
784 809
784 812
785 813
785 798
785 807
785 812
785 792
785 803
786 788
786 789
786 790
786 791
786 792
786 793
786 804
786 811
786 799
786 813
787 799
787 794
787 790
787 800
787 791
787 802
787 789
787 801
787 803
787 788
787 792
788 808
788 805
788 791
788 809
788 789
788 801
788 810
788 792
789 811
789 790
789 806
789 791
789 792
789 802
789 809
789 812
790 791
790 797
790 796
790 794
790 795
790 798
791 804
791 797
791 792
791 806
791 805
791 807
792 813
792 807
792 812
792 803
792 810
793 794
793 795
793 796
793 798
793 808
793 811
793 813
794 799
794 800
794 801
794 802
794 797
794 796
794 795
794 798
795 808
795 801
795 805
795 809
795 810
796 811
796 802
796 806
796 812
796 797
796 798
797 804
797 800
797 806
797 807
797 798
798 813
798 803
798 810
798 812
798 807
799 800
799 801
799 802
799 804
799 811
799 808
799 813
800 804
800 801
800 802
800 806
800 807
801 808
801 805
801 802
801 809
801 803
801 810
802 811
802 806
802 803
802 809
802 812
803 807
803 812
803 810
804 805
804 806
804 807
804 808
804 811
804 813
805 808
805 809
805 810
805 806
805 807
806 811
806 809
806 807
807 813
807 810
807 812
808 809
808 810
808 813
809 811
809 812
810 813
810 812
811 812
812 813
842 843
843 844
847 848
847 850
848 849
849 850
854 855
854 856
855 856
867 870
867 871
867 878
868 870
868 869
869 871
869 873
869 872
871 872
871 874
871 878
872 873
874 876
875 876
875 877
876 877
877 878
877 879
877 880
878 880
879 880
